$ENTER COMPONENT  NAME = DFLT_COMP  DOFTYPE = DISP MATH
!------
   $SITUATION  NAME = STEP_2
      DFLT_COMP  CONSTRAINTS = C_STEP_1  SYSTEM = S_STEP_1  LOADING = L_STEP_2
   $END SITUATION
!
   $LOADING  NAME = L_STEP_2
!
      $DISLOAD LINE2D  LPAT = 1  IDS = ELGEO  NODES = ALL  DOFTYPE = DISP
            16000  2 :  0.000000E+00  5.000000E-01
                1  4 :  0.000000E+00  5.000000E-01
             9680  2 :  0.000000E+00  5.000000E-01
               60  4 :  0.000000E+00  5.000000E-01
            15920  2 :  0.000000E+00  5.000000E-01
            15840  2 :  0.000000E+00  5.000000E-01
            15760  2 :  0.000000E+00  5.000000E-01
            15680  2 :  0.000000E+00  5.000000E-01
            15600  2 :  0.000000E+00  5.000000E-01
            15520  2 :  0.000000E+00  5.000000E-01
            15440  2 :  0.000000E+00  5.000000E-01
            15360  2 :  0.000000E+00  5.000000E-01
            15280  2 :  0.000000E+00  5.000000E-01
            15200  2 :  0.000000E+00  5.000000E-01
            15120  2 :  0.000000E+00  5.000000E-01
            15040  2 :  0.000000E+00  5.000000E-01
            14960  2 :  0.000000E+00  5.000000E-01
            14880  2 :  0.000000E+00  5.000000E-01
            14800  2 :  0.000000E+00  5.000000E-01
            14720  2 :  0.000000E+00  5.000000E-01
            14640  2 :  0.000000E+00  5.000000E-01
            14560  2 :  0.000000E+00  5.000000E-01
            14480  2 :  0.000000E+00  5.000000E-01
            14400  2 :  0.000000E+00  5.000000E-01
            14320  2 :  0.000000E+00  5.000000E-01
            14240  2 :  0.000000E+00  5.000000E-01
            14160  2 :  0.000000E+00  5.000000E-01
            14080  2 :  0.000000E+00  5.000000E-01
            14000  2 :  0.000000E+00  5.000000E-01
            13920  2 :  0.000000E+00  5.000000E-01
            13840  2 :  0.000000E+00  5.000000E-01
            13760  2 :  0.000000E+00  5.000000E-01
            13680  2 :  0.000000E+00  5.000000E-01
            13600  2 :  0.000000E+00  5.000000E-01
            13520  2 :  0.000000E+00  5.000000E-01
            13440  2 :  0.000000E+00  5.000000E-01
            13360  2 :  0.000000E+00  5.000000E-01
            13280  2 :  0.000000E+00  5.000000E-01
            13200  2 :  0.000000E+00  5.000000E-01
            13120  2 :  0.000000E+00  5.000000E-01
            13040  2 :  0.000000E+00  5.000000E-01
            12960  2 :  0.000000E+00  5.000000E-01
            12880  2 :  0.000000E+00  5.000000E-01
            12800  2 :  0.000000E+00  5.000000E-01
            12720  2 :  0.000000E+00  5.000000E-01
            12640  2 :  0.000000E+00  5.000000E-01
            12560  2 :  0.000000E+00  5.000000E-01
            12480  2 :  0.000000E+00  5.000000E-01
            12400  2 :  0.000000E+00  5.000000E-01
            12320  2 :  0.000000E+00  5.000000E-01
            12240  2 :  0.000000E+00  5.000000E-01
            12160  2 :  0.000000E+00  5.000000E-01
            12080  2 :  0.000000E+00  5.000000E-01
            12000  2 :  0.000000E+00  5.000000E-01
            11920  2 :  0.000000E+00  5.000000E-01
            11840  2 :  0.000000E+00  5.000000E-01
            11760  2 :  0.000000E+00  5.000000E-01
            11680  2 :  0.000000E+00  5.000000E-01
            11600  2 :  0.000000E+00  5.000000E-01
            11520  2 :  0.000000E+00  5.000000E-01
            11440  2 :  0.000000E+00  5.000000E-01
            11360  2 :  0.000000E+00  5.000000E-01
            11280  2 :  0.000000E+00  5.000000E-01
            11200  2 :  0.000000E+00  5.000000E-01
            11120  2 :  0.000000E+00  5.000000E-01
            11040  2 :  0.000000E+00  5.000000E-01
            10960  2 :  0.000000E+00  5.000000E-01
            10880  2 :  0.000000E+00  5.000000E-01
            10800  2 :  0.000000E+00  5.000000E-01
            10720  2 :  0.000000E+00  5.000000E-01
            10640  2 :  0.000000E+00  5.000000E-01
            10560  2 :  0.000000E+00  5.000000E-01
            10480  2 :  0.000000E+00  5.000000E-01
            10400  2 :  0.000000E+00  5.000000E-01
            10320  2 :  0.000000E+00  5.000000E-01
            10240  2 :  0.000000E+00  5.000000E-01
            10160  2 :  0.000000E+00  5.000000E-01
            10080  2 :  0.000000E+00  5.000000E-01
            10000  2 :  0.000000E+00  5.000000E-01
             9920  2 :  0.000000E+00  5.000000E-01
             9840  2 :  0.000000E+00  5.000000E-01
             9760  2 :  0.000000E+00  5.000000E-01
               59  4 :  0.000000E+00  5.000000E-01
               58  4 :  0.000000E+00  5.000000E-01
               57  4 :  0.000000E+00  5.000000E-01
               56  4 :  0.000000E+00  5.000000E-01
               55  4 :  0.000000E+00  5.000000E-01
               54  4 :  0.000000E+00  5.000000E-01
               53  4 :  0.000000E+00  5.000000E-01
               52  4 :  0.000000E+00  5.000000E-01
               51  4 :  0.000000E+00  5.000000E-01
               50  4 :  0.000000E+00  5.000000E-01
               49  4 :  0.000000E+00  5.000000E-01
               48  4 :  0.000000E+00  5.000000E-01
               47  4 :  0.000000E+00  5.000000E-01
               46  4 :  0.000000E+00  5.000000E-01
               45  4 :  0.000000E+00  5.000000E-01
               44  4 :  0.000000E+00  5.000000E-01
               43  4 :  0.000000E+00  5.000000E-01
               42  4 :  0.000000E+00  5.000000E-01
               41  4 :  0.000000E+00  5.000000E-01
               40  4 :  0.000000E+00  5.000000E-01
               39  4 :  0.000000E+00  5.000000E-01
               38  4 :  0.000000E+00  5.000000E-01
               37  4 :  0.000000E+00  5.000000E-01
               36  4 :  0.000000E+00  5.000000E-01
               35  4 :  0.000000E+00  5.000000E-01
               34  4 :  0.000000E+00  5.000000E-01
               33  4 :  0.000000E+00  5.000000E-01
               32  4 :  0.000000E+00  5.000000E-01
               31  4 :  0.000000E+00  5.000000E-01
               30  4 :  0.000000E+00  5.000000E-01
               29  4 :  0.000000E+00  5.000000E-01
               28  4 :  0.000000E+00  5.000000E-01
               27  4 :  0.000000E+00  5.000000E-01
               26  4 :  0.000000E+00  5.000000E-01
               25  4 :  0.000000E+00  5.000000E-01
               24  4 :  0.000000E+00  5.000000E-01
               23  4 :  0.000000E+00  5.000000E-01
               22  4 :  0.000000E+00  5.000000E-01
               21  4 :  0.000000E+00  5.000000E-01
               20  4 :  0.000000E+00  5.000000E-01
               19  4 :  0.000000E+00  5.000000E-01
               18  4 :  0.000000E+00  5.000000E-01
               17  4 :  0.000000E+00  5.000000E-01
               16  4 :  0.000000E+00  5.000000E-01
               15  4 :  0.000000E+00  5.000000E-01
               14  4 :  0.000000E+00  5.000000E-01
               13  4 :  0.000000E+00  5.000000E-01
               12  4 :  0.000000E+00  5.000000E-01
               11  4 :  0.000000E+00  5.000000E-01
               10  4 :  0.000000E+00  5.000000E-01
                9  4 :  0.000000E+00  5.000000E-01
                8  4 :  0.000000E+00  5.000000E-01
                7  4 :  0.000000E+00  5.000000E-01
                6  4 :  0.000000E+00  5.000000E-01
                5  4 :  0.000000E+00  5.000000E-01
                4  4 :  0.000000E+00  5.000000E-01
                3  4 :  0.000000E+00  5.000000E-01
                2  4 :  0.000000E+00  5.000000E-01
!
      $CONTACT LOAD  LPAT =       1000  GAPWIDTH = ABS
           C1 N2G: 1.0, 100
!
      $NLLOAD  TABLE  TIME = LIST  DOFTYPE = DISP
                         0.000000E+00  1.000000E+00
      LPAT = 1           0.000000E+00  1.000000E+00
      LPAT = 1000        1.000000E+00  1.000000E+00
!
   $END LOADING
!------
$EXIT COMPONENT
!------------------------------------
$ENTER FUNCTION

   $DEFVAR R TYPE = REAL LIST = 1.0

   $FUNCTION FORMULA FID = 100 
     f(X,Y,Z) = R(1)-SQRT(R(1)^2-X^2)

$EXIT FUNCTION
!------------------------------------
$FIN
