$ENTER COMPONENT  NAME = DFLT_COMP  DOFTYPE = DISP MATH
!------
   $SITUATION  NAME = DFLT_SIT
   $END SITUATION
!
   $STRUCTURE
!
      $ELEMENT TYPE = HEXE8
                1          7          6          3          2         29         36         53         59
                2         29         36         53         59         30         37         54         60
                3         30         37         54         60         31         38         55         61
                4         31         38         55         61         32         39         56         62
                5         32         39         56         62         33         40         57         63
                6         33         40         57         63         34         35         58          1
                7          2          3          5          4         59         53         51         41
                8         59         53         51         41         60         54         50         42
                9         60         54         50         42         61         55         49         43
               10         61         55         49         43         62         56         48         44
               11         62         56         48         44         63         57         47         45
               12         63         57         47         45          1         58         52         46
               13          8          7          2          9         24         29         59         11
               14         24         29         59         11         25         30         60         12
               15         25         30         60         12         26         31         61         13
               16         26         31         61         13         27         32         62         14
               17         27         32         62         14         28         33         63         15
               18         28         33         63         15         23         34          1         16
               19          9          2          4         10         11         59         41         21
               20         11         59         41         21         12         60         42         20
               21         12         60         42         20         13         61         43         19
               22         13         61         43         19         14         62         44         18
               23         14         62         44         18         15         63         45         17
               24         15         63         45         17         16          1         46         22
!
      $ESET NAME = ANS_M1
                1          2          3          4          5          6          7          8          9         10         11         12         13         14
               15         16         17         18         19         20         21         22         23         24
      $ESET NAME = ANS_P1
                1          2          3          4          5          6          7          8          9         10         11         12         13         14
               15         16         17         18         19         20         21         22         23         24
!
      $COOR
                1  0.000000E+00  0.000000E+00  2.500000E-01
                2  0.000000E+00  0.000000E+00  5.000000E-02
                3  0.000000E+00 -1.000000E-02  5.000000E-02
                4  5.000000E-02  0.000000E+00  5.000000E-02
                5  5.000000E-02 -1.000000E-02  5.000000E-02
                6 -5.000000E-02 -1.000000E-02  5.000000E-02
                7 -5.000000E-02  0.000000E+00  5.000000E-02
                8 -5.000000E-02  1.000000E-02  5.000000E-02
                9  0.000000E+00  1.000000E-02  5.000000E-02
               10  5.000000E-02  1.000000E-02  5.000000E-02
               11  8.274359E-04  9.766495E-03  8.333333E-02
               12  1.654872E-03  9.532989E-03  1.166667E-01
               13  2.482308E-03  9.299483E-03  1.500000E-01
               14  3.309744E-03  9.065978E-03  1.833333E-01
               15  4.137180E-03  8.832471E-03  2.166667E-01
               16  4.964616E-03  8.598966E-03  2.500000E-01
               17  4.855490E-02 -1.200086E-02  2.166667E-01
               18  4.884392E-02 -7.600689E-03  1.833333E-01
               19  4.913294E-02 -3.200517E-03  1.500000E-01
               20  4.942196E-02  1.199655E-03  1.166667E-01
               21  4.971098E-02  5.599828E-03  8.333333E-02
               22  4.826589E-02 -1.640103E-02  2.500000E-01
               23 -3.833666E-02  3.359897E-02  2.500000E-01
               24 -4.805611E-02  1.393316E-02  8.333333E-02
               25 -4.611222E-02  1.786632E-02  1.166667E-01
               26 -4.416833E-02  2.179948E-02  1.500000E-01
               27 -4.222444E-02  2.573264E-02  1.833333E-01
               28 -4.028055E-02  2.966581E-02  2.166667E-01
               29 -4.888355E-02  4.166666E-03  8.333333E-02
               30 -4.776709E-02  8.333333E-03  1.166667E-01
               31 -4.665063E-02  1.250000E-02  1.500000E-01
               32 -4.553418E-02  1.666667E-02  1.833333E-01
               33 -4.441772E-02  2.083333E-02  2.166667E-01
               34 -4.330127E-02  2.500000E-02  2.500000E-01
               35 -4.826589E-02  1.640103E-02  2.500000E-01
               36 -4.971098E-02 -5.599828E-03  8.333333E-02
               37 -4.942196E-02 -1.199655E-03  1.166667E-01
               38 -4.913294E-02  3.200517E-03  1.500000E-01
               39 -4.884392E-02  7.600689E-03  1.833333E-01
               40 -4.855490E-02  1.200086E-02  2.166667E-01
               41  4.888355E-02 -4.166666E-03  8.333333E-02
               42  4.776709E-02 -8.333333E-03  1.166667E-01
               43  4.665063E-02 -1.250000E-02  1.500000E-01
               44  4.553418E-02 -1.666667E-02  1.833333E-01
               45  4.441772E-02 -2.083333E-02  2.166667E-01
               46  4.330127E-02 -2.500000E-02  2.500000E-01
               47  4.028055E-02 -2.966581E-02  2.166667E-01
               48  4.222444E-02 -2.573264E-02  1.833333E-01
               49  4.416833E-02 -2.179948E-02  1.500000E-01
               50  4.611222E-02 -1.786632E-02  1.166667E-01
               51  4.805611E-02 -1.393316E-02  8.333333E-02
               52  3.833666E-02 -3.359897E-02  2.500000E-01
               53 -8.274359E-04 -9.766495E-03  8.333333E-02
               54 -1.654872E-03 -9.532989E-03  1.166667E-01
               55 -2.482308E-03 -9.299483E-03  1.500000E-01
               56 -3.309744E-03 -9.065978E-03  1.833333E-01
               57 -4.137180E-03 -8.832471E-03  2.166667E-01
               58 -4.964616E-03 -8.598966E-03  2.500000E-01
               59  0.000000E+00  0.000000E+00  8.333333E-02
               60  0.000000E+00  0.000000E+00  1.166667E-01
               61  0.000000E+00  0.000000E+00  1.500000E-01
               62  0.000000E+00  0.000000E+00  1.833333E-01
               63  0.000000E+00  0.000000E+00  2.166667E-01
!
      $PART  NAME = MANS1
                1          2          3          4          5          6          7          8          9         10         11         12         13         14
               15         16         17         18         19         20         21         22         23         24
!
   $END STRUCTURE
!------
   $CONSTRAINTS
!
      $SUPPRESS  DOFS = 1,2,3  DOFTYPE = DISP
                2          3          4          5          6          7          8          9         10
!
   $END CONSTRAINTS
!------
   $SYSTEM
!
      $ELPROP
       ANS_M1        MATERIAL = MANS1
!
   $END SYSTEM
!------
   $LOADING
!
      $CONLOAD  LPAT = 1  DOFTYPE = DISP
               22 2: -1.000000E+05
               23 2: -1.000000E+05
!
   $END LOADING
!------
$EXIT COMPONENT
!------------------------------------
$ENTER MATERIAL
!------
   $MATERIAL  NAME = MANS1  TYPE = ISO
!
      $ELASTIC  GENERAL  INPUT = DATA
        2.000000E+11  3.000000E-01
!
   $END MATERIAL
!------
$EXIT MATERIAL
!------------------------------------
$FIN
