$ENTER COMPONENT  NAME = DFLT_COMP  DOFTYPE = DISP MATH
!------
   $SITUATION  NAME = STEP_2
      DFLT_COMP  CONSTRAINTS = C_STEP_1  SYSTEM = S_STEP_2
   $END SITUATION
!
   $SITUATION  NAME = STEP_3  PARENT = STEP_2
      DFLT_COMP  SYSTEM = S_STEP_2  RESULTS = R_STEP_3
   $END SITUATION
!
   $STRUCTURE
!
      $SURFACE ELEMENTS  SURFID =          1  SYSTEM = LOCAL
              131          4
              132          4
              133          4
              134          4
              135          4
              266          4
              267          4
              268          4
              269          4
              270          4
              401          4
              402          4
              403          4
              404          4
              405          4
              536          4
              537          4
              538          4
              539          4
              540          4
              671          4
              672          4
              673          4
              674          4
              675          4
              806          4
              807          4
              808          4
              809          4
              810          4
              941          4
              942          4
              943          4
              944          4
              945          4
             1076          4
             1077          4
             1078          4
             1079          4
             1080          4
             1211          4
             1212          4
             1213          4
             1214          4
             1215          4
             1346          4
             1347          4
             1348          4
             1349          4
             1350          4
             1481          4
             1482          4
             1483          4
             1484          4
             1485          4
             1616          4
             1617          4
             1618          4
             1619          4
             1620          4
             1751          4
             1752          4
             1753          4
             1754          4
             1755          4
             1886          4
             1887          4
             1888          4
             1889          4
             1890          4
             2021          4
             2022          4
             2023          4
             2024          4
             2025          4
             2156          4
             2157          4
             2158          4
             2159          4
             2160          4
             2291          4
             2292          4
             2293          4
             2294          4
             2295          4
             2426          4
             2427          4
             2428          4
             2429          4
             2430          4
             2561          4
             2562          4
             2563          4
             2564          4
             2565          4
             2696          4
             2697          4
             2698          4
             2699          4
             2700          4
             2831          4
             2832          4
             2833          4
             2834          4
             2835          4
             2966          4
             2967          4
             2968          4
             2969          4
             2970          4
             3101          4
             3102          4
             3103          4
             3104          4
             3105          4
             3236          4
             3237          4
             3238          4
             3239          4
             3240          4
             3371          4
             3372          4
             3373          4
             3374          4
             3375          4
             3506          4
             3507          4
             3508          4
             3509          4
             3510          4
             3641          4
             3642          4
             3643          4
             3644          4
             3645          4
             3776          4
             3777          4
             3778          4
             3779          4
             3780          4
             3911          4
             3912          4
             3913          4
             3914          4
             3915          4
             4046          4
             4047          4
             4048          4
             4049          4
             4050          4
             4181          4
             4182          4
             4183          4
             4184          4
             4185          4
             4316          4
             4317          4
             4318          4
             4319          4
             4320          4
             4451          4
             4452          4
             4453          4
             4454          4
             4455          4
             4586          4
             4587          4
             4588          4
             4589          4
             4590          4
             4721          4
             4722          4
             4723          4
             4724          4
             4725          4
             4856          4
             4857          4
             4858          4
             4859          4
             4860          4
             4991          4
             4992          4
             4993          4
             4994          4
             4995          4
             5126          4
             5127          4
             5128          4
             5129          4
             5130          4
             5261          4
             5262          4
             5263          4
             5264          4
             5265          4
             5396          4
             5397          4
             5398          4
             5399          4
             5400          4
             5531          4
             5532          4
             5533          4
             5534          4
             5535          4
             5666          4
             5667          4
             5668          4
             5669          4
             5670          4
             5801          4
             5802          4
             5803          4
             5804          4
             5805          4
             5936          4
             5937          4
             5938          4
             5939          4
             5940          4
             6071          4
             6072          4
             6073          4
             6074          4
             6075          4
             6206          4
             6207          4
             6208          4
             6209          4
             6210          4
             6341          4
             6342          4
             6343          4
             6344          4
             6345          4
             6476          4
             6477          4
             6478          4
             6479          4
             6480          4
             6611          4
             6612          4
             6613          4
             6614          4
             6615          4
             6746          4
             6747          4
             6748          4
             6749          4
             6750          4
             6881          4
             6882          4
             6883          4
             6884          4
             6885          4
             7016          4
             7017          4
             7018          4
             7019          4
             7020          4
             7151          4
             7152          4
             7153          4
             7154          4
             7155          4
             7286          4
             7287          4
             7288          4
             7289          4
             7290          4
             7421          4
             7422          4
             7423          4
             7424          4
             7425          4
             7556          4
             7557          4
             7558          4
             7559          4
             7560          4
             7691          4
             7692          4
             7693          4
             7694          4
             7695          4
             7826          4
             7827          4
             7828          4
             7829          4
             7830          4
             7961          4
             7962          4
             7963          4
             7964          4
             7965          4
             8096          4
             8097          4
             8098          4
             8099          4
             8100          4
             8101          5
             8102          5
             8103          5
             8104          5
             8105          5
             8106          5
             8107          5
             8108          5
             8109          5
             8110          5
             8111          5
             8112          5
             8113          5
             8114          5
             8115          5
             8116          5
             8117          5
             8118          5
             8119          5
             8120          5
             8121          5
             8122          5
             8123          5
             8124          5
             8125          5
             8126          5
             8127          5
             8128          5
             8129          5
             8130          5
             8131          5
             8132          5
             8133          5
             8134          5
             8135          5
             8136          5
             8137          5
             8138          5
             8139          5
             8140          5
             8141          5
             8142          5
             8143          5
             8144          5
             8145          5
             8146          5
             8147          5
             8148          5
             8149          5
             8150          5
             8151          5
             8152          5
             8153          5
             8154          5
             8155          5
             8156          5
             8157          5
             8158          5
             8159          5
             8160          5
             8161          5
             8162          5
             8163          5
             8164          5
             8165          5
             8166          5
             8167          5
             8168          5
             8169          5
             8170          5
             8171          5
             8172          5
             8173          5
             8174          5
             8175          5
             8176          5
             8177          5
             8178          5
             8179          5
             8180          5
             8181          5
             8182          5
             8183          5
             8184          5
             8185          5
             8186          5
             8187          5
             8188          5
             8189          5
             8190          5
             8191          5
             8192          5
             8193          5
             8194          5
             8195          5
             8196          5
             8197          5
             8198          5
             8199          5
             8200          5
!
      $SFSET NAME = INNER
                1
!
   $END STRUCTURE
!------
   $SYSTEM  NAME = S_STEP_1
!
      $ELPROP
       DISK          MATERIAL = MAT_01
!
   $END SYSTEM
!------
   $CONSTRAINTS  NAME = C_STEP_1
!
      $SUPPRESS  SURFNODE  DOFS = 1,2,3  DOFTYPE = DISP
       INNER
!
   $END CONSTRAINTS
!------
   $LOADING  NAME = L_STEP_1
!
      $INERTIA ROTATION  LPAT = 1
       DISK  0.000000E+00  0.000000E+00  0.000000E+00  0.000000E+00  0.000000E+00  1.000000E+01  1.000000E+01
!
   $END LOADING
!------
   $SYSTEM  NAME = S_STEP_2
!
      $ELSTATE LOAD  SOURCE = RESULTS
      SITUATION = STEP_1  LPAT =          1
!
      $ADDMATRIX
         GEOSTIFF
         CONVSTIFF
         GYRO
!
      $INSERT VARIANT
      S_STEP_1  CLEAROLD = NO
!
   $END SYSTEM
!------
   $RESULTS  NAME = R_STEP_3
!
      $ROTSPEED  PRIMARY = EQUI  DOFTYPE = DISP
        0.0  1.000000E+02  0.2
!
   $END RESULTS
!------
$EXIT COMPONENT
!------------------------------------
$ENTER MATERIAL
!------
   $MATERIAL  NAME = MAT_01  TYPE = ISO
!
      $DENSITY  GENERAL  INPUT = DATA
        7.850000E-09
!
      $ELASTIC  GENERAL  INPUT = DATA
        2.050000E+05  3.000000E-01
!
   $END MATERIAL
!------
$EXIT MATERIAL
!------------------------------------
$FIN
