$ENTER COMPONENT  NAME = DFLT_COMP  DOFTYPE = DISP MATH
!------
   $SITUATION  NAME = STEP_1
      DFLT_COMP  CONSTRAINTS = C_STEP_1  SYSTEM = S_STEP_1  LOADING = L_STEP_1
   $END SITUATION
!
   $STRUCTURE
!
      $ELEMENT TYPE = BECOS
                5          1          5
                6          5          6
                7          6          7
                8          7          8
                9          8          9
               10          9         10
               11         10         11
               12         11         12
               13         12         13
               14         13         14
               15         14         15
               16         15         16
               17         16         17
               18         17         18
               19         18          2
               20          2         19
               21         19         20
               22         20         21
               23         21         22
               24         22         23
               25         23         24
               26         24         25
               27         25         26
               28         26         27
               29         27         28
               30         28         29
               31         29         30
               32         30         31
               33         31         32
               34         32         33
               35         33         34
               36         34         35
               37         35         36
               38         36         37
               39         37         38
               40         38         39
               41         39         40
               42         40         41
               43         41         42
               44         42         43
               45         43         44
               46         44         45
               47         45         46
               48         46         47
               49         47          3
               50          3         48
               51         48         49
               52         49         50
               53         50         51
               54         51         52
               55         52         53
               56         53         54
               57         54         55
               58         55         56
               59         56         57
               60         57         58
               61         58         59
               62         59         60
               63         60         61
               64         61          4
               65          4         62
               66         62         63
               67         63         64
               68         64         65
               69         65         66
               70         66         67
               71         67         68
               72         68         69
               73         69         70
               74         70         71
               75         71         72
               76         72         73
               77         73         74
               78         74         75
               79         75         76
               80         76         77
               81         77         78
               82         78         79
               83         79         80
               84         80         81
               85         81         82
               86         82         83
               87         83         84
               88         84         85
               89         85         86
               90         86         87
               91         87         88
               92         88         89
               93         89         90
               94         90          1
!
      $ESET NAME = LINE1
                5          6          7          8          9         10         11         12         13         14         15         16         17         18
               19
      $ESET NAME = LINE2
               20         21         22         23         24         25         26         27         28         29         30         31         32         33
               34         35         36         37         38         39         40         41         42         43         44         45         46         47
               48         49
      $ESET NAME = LINE3
               50         51         52         53         54         55         56         57         58         59         60         61         62         63
               64
      $ESET NAME = LINE4
               65         66         67         68         69         70         71         72         73         74         75         76         77         78
               79         80         81         82         83         84         85         86         87         88         89         90         91         92
               93         94
!
      $COOR
                1  0.000000E+00  0.000000E+00  0.000000E+00
                2  1.500000E+01  0.000000E+00  0.000000E+00
                3  1.500000E+01  3.000000E+01  0.000000E+00
                4  0.000000E+00  3.000000E+01  0.000000E+00
                5  1.000000E+00  0.000000E+00  0.000000E+00
                6  2.000000E+00  0.000000E+00  0.000000E+00
                7  3.000000E+00  0.000000E+00  0.000000E+00
                8  4.000000E+00  0.000000E+00  0.000000E+00
                9  5.000000E+00  0.000000E+00  0.000000E+00
               10  6.000000E+00  0.000000E+00  0.000000E+00
               11  7.000000E+00  0.000000E+00  0.000000E+00
               12  8.000000E+00  0.000000E+00  0.000000E+00
               13  9.000000E+00  0.000000E+00  0.000000E+00
               14  1.000000E+01  0.000000E+00  0.000000E+00
               15  1.100000E+01  0.000000E+00  0.000000E+00
               16  1.200000E+01  0.000000E+00  0.000000E+00
               17  1.300000E+01  0.000000E+00  0.000000E+00
               18  1.400000E+01  0.000000E+00  0.000000E+00
               19  1.500000E+01  1.000000E+00  0.000000E+00
               20  1.500000E+01  2.000000E+00  0.000000E+00
               21  1.500000E+01  3.000000E+00  0.000000E+00
               22  1.500000E+01  4.000000E+00  0.000000E+00
               23  1.500000E+01  5.000000E+00  0.000000E+00
               24  1.500000E+01  6.000000E+00  0.000000E+00
               25  1.500000E+01  7.000000E+00  0.000000E+00
               26  1.500000E+01  8.000000E+00  0.000000E+00
               27  1.500000E+01  9.000000E+00  0.000000E+00
               28  1.500000E+01  1.000000E+01  0.000000E+00
               29  1.500000E+01  1.100000E+01  0.000000E+00
               30  1.500000E+01  1.200000E+01  0.000000E+00
               31  1.500000E+01  1.300000E+01  0.000000E+00
               32  1.500000E+01  1.400000E+01  0.000000E+00
               33  1.500000E+01  1.500000E+01  0.000000E+00
               34  1.500000E+01  1.600000E+01  0.000000E+00
               35  1.500000E+01  1.700000E+01  0.000000E+00
               36  1.500000E+01  1.800000E+01  0.000000E+00
               37  1.500000E+01  1.900000E+01  0.000000E+00
               38  1.500000E+01  2.000000E+01  0.000000E+00
               39  1.500000E+01  2.100000E+01  0.000000E+00
               40  1.500000E+01  2.200000E+01  0.000000E+00
               41  1.500000E+01  2.300000E+01  0.000000E+00
               42  1.500000E+01  2.400000E+01  0.000000E+00
               43  1.500000E+01  2.500000E+01  0.000000E+00
               44  1.500000E+01  2.600000E+01  0.000000E+00
               45  1.500000E+01  2.700000E+01  0.000000E+00
               46  1.500000E+01  2.800000E+01  0.000000E+00
               47  1.500000E+01  2.900000E+01  0.000000E+00
               48  1.400000E+01  3.000000E+01  0.000000E+00
               49  1.300000E+01  3.000000E+01  0.000000E+00
               50  1.200000E+01  3.000000E+01  0.000000E+00
               51  1.100000E+01  3.000000E+01  0.000000E+00
               52  1.000000E+01  3.000000E+01  0.000000E+00
               53  9.000000E+00  3.000000E+01  0.000000E+00
               54  8.000000E+00  3.000000E+01  0.000000E+00
               55  7.000000E+00  3.000000E+01  0.000000E+00
               56  6.000000E+00  3.000000E+01  0.000000E+00
               57  5.000000E+00  3.000000E+01  0.000000E+00
               58  4.000000E+00  3.000000E+01  0.000000E+00
               59  3.000000E+00  3.000000E+01  0.000000E+00
               60  2.000000E+00  3.000000E+01  0.000000E+00
               61  1.000000E+00  3.000000E+01  0.000000E+00
               62  0.000000E+00  2.900000E+01  0.000000E+00
               63  0.000000E+00  2.800000E+01  0.000000E+00
               64  0.000000E+00  2.700000E+01  0.000000E+00
               65  0.000000E+00  2.600000E+01  0.000000E+00
               66  0.000000E+00  2.500000E+01  0.000000E+00
               67  0.000000E+00  2.400000E+01  0.000000E+00
               68  0.000000E+00  2.300000E+01  0.000000E+00
               69  0.000000E+00  2.200000E+01  0.000000E+00
               70  0.000000E+00  2.100000E+01  0.000000E+00
               71  0.000000E+00  2.000000E+01  0.000000E+00
               72  0.000000E+00  1.900000E+01  0.000000E+00
               73  0.000000E+00  1.800000E+01  0.000000E+00
               74  0.000000E+00  1.700000E+01  0.000000E+00
               75  0.000000E+00  1.600000E+01  0.000000E+00
               76  0.000000E+00  1.500000E+01  0.000000E+00
               77  0.000000E+00  1.400000E+01  0.000000E+00
               78  0.000000E+00  1.300000E+01  0.000000E+00
               79  0.000000E+00  1.200000E+01  0.000000E+00
               80  0.000000E+00  1.100000E+01  0.000000E+00
               81  0.000000E+00  1.000000E+01  0.000000E+00
               82  0.000000E+00  9.000000E+00  0.000000E+00
               83  0.000000E+00  8.000000E+00  0.000000E+00
               84  0.000000E+00  7.000000E+00  0.000000E+00
               85  0.000000E+00  6.000000E+00  0.000000E+00
               86  0.000000E+00  5.000000E+00  0.000000E+00
               87  0.000000E+00  4.000000E+00  0.000000E+00
               88  0.000000E+00  3.000000E+00  0.000000E+00
               89  0.000000E+00  2.000000E+00  0.000000E+00
               90  0.000000E+00  1.000000E+00  0.000000E+00
!
      $PART  NAME = LINE1
       LINE1
      $PART  NAME = LINE2
       LINE2
      $PART  NAME = LINE3
       LINE3
      $PART  NAME = LINE4
       LINE4
!
   $END STRUCTURE
!------
$EXIT COMPONENT
!------------------------------------
$FIN
