$ENTER COMPONENT  NAME = DFLT_COMP  DOFTYPE = DISP MATH
!------
   $SITUATION  NAME = STEP_1
      DFLT_COMP  CONSTRAINTS = C_STEP_1  SYSTEM = S_STEP_1
   $END SITUATION
!
   $STRUCTURE
!
      $ELEMENT TYPE = BECOS
                1          2          4
                2          4          5
                3          5          6
                4          6          7
                5          7          8
                6          8          9
                7          9         10
                8         10         11
                9         11         12
               10         12         13
               11         13         14
               12         14         15
               13         15         16
               14         16         17
               15         17         18
               16         18         19
               17         19         20
               18         20         21
               19         21         22
               20         22          3
               21          3         23
               22         23         24
               23         24         25
               24         25         26
               25         26         27
               26         27         28
               27         28         29
               28         29         30
               29         30         31
               30         31         32
               31         32         33
               32         33         34
               33         34         35
               34         35         36
               35         36         37
               36         37         38
               37         38         39
               38         39         40
               39         40         41
               40         41          1
!
      $ESET NAME = ARCH
                1          2          3          4          5          6          7          8          9         10         11         12         13         14
               15         16         17         18         19         20         21         22         23         24         25         26         27         28
               29         30         31         32         33         34         35         36         37         38         39         40
      $ESET NAME = LINE1
                1          2          3          4          5          6          7          8          9         10         11         12         13         14
               15         16         17         18         19         20
      $ESET NAME = LINE2
               21         22         23         24         25         26         27         28         29         30         31         32         33         34
               35         36         37         38         39         40
!
      $COOR
                1  2.666667E+00  5.000000E+00  0.000000E+00
                2  2.666667E+00 -5.000000E+00  0.000000E+00
                3  5.666667E+00  0.000000E+00  0.000000E+00
                4  2.932852E+00 -4.848659E+00  0.000000E+00
                5  3.190474E+00 -4.683160E+00  0.000000E+00
                6  3.438780E+00 -4.503988E+00  0.000000E+00
                7  3.677045E+00 -4.311664E+00  0.000000E+00
                8  3.904574E+00 -4.106751E+00  0.000000E+00
                9  4.120703E+00 -3.889848E+00  0.000000E+00
               10  4.324800E+00 -3.661587E+00  0.000000E+00
               11  4.516269E+00 -3.422635E+00  0.000000E+00
               12  4.694551E+00 -3.173688E+00  0.000000E+00
               13  4.859127E+00 -2.915476E+00  0.000000E+00
               14  5.009514E+00 -2.648751E+00  0.000000E+00
               15  5.145275E+00 -2.374292E+00  0.000000E+00
               16  5.266012E+00 -2.092900E+00  0.000000E+00
               17  5.371374E+00 -1.805398E+00  0.000000E+00
               18  5.461051E+00 -1.512624E+00  0.000000E+00
               19  5.534784E+00 -1.215433E+00  0.000000E+00
               20  5.592356E+00 -9.146938E-01  0.000000E+00
               21  5.633599E+00 -6.112837E-01  0.000000E+00
               22  5.658393E+00 -3.060887E-01  0.000000E+00
               23  5.658393E+00  3.060887E-01  0.000000E+00
               24  5.633599E+00  6.112837E-01  0.000000E+00
               25  5.592356E+00  9.146938E-01  0.000000E+00
               26  5.534784E+00  1.215433E+00  0.000000E+00
               27  5.461051E+00  1.512624E+00  0.000000E+00
               28  5.371374E+00  1.805398E+00  0.000000E+00
               29  5.266012E+00  2.092900E+00  0.000000E+00
               30  5.145275E+00  2.374292E+00  0.000000E+00
               31  5.009514E+00  2.648751E+00  0.000000E+00
               32  4.859127E+00  2.915476E+00  0.000000E+00
               33  4.694551E+00  3.173689E+00  0.000000E+00
               34  4.516269E+00  3.422635E+00  0.000000E+00
               35  4.324800E+00  3.661587E+00  0.000000E+00
               36  4.120703E+00  3.889848E+00  0.000000E+00
               37  3.904574E+00  4.106751E+00  0.000000E+00
               38  3.677045E+00  4.311664E+00  0.000000E+00
               39  3.438780E+00  4.503988E+00  0.000000E+00
               40  3.190474E+00  4.683160E+00  0.000000E+00
               41  2.932852E+00  4.848659E+00  0.000000E+00
!
      $PART  NAME = LINE1
       LINE1
      $PART  NAME = LINE2
       LINE2
!
   $END STRUCTURE
!------
   $SYSTEM  NAME = S_STEP_1
!
   $END SYSTEM
!------
   $CONSTRAINTS  NAME = C_STEP_1
!
   $END CONSTRAINTS
!------
$EXIT COMPONENT
!------------------------------------
$FIN
