$ENTER COMPONENT NAME = EMA
$STRUCTURE
$NSET NAME = MP_POLYTEC
42
198
203
219
223
226
252
269
279
294
298
300
304
306
308
341
347
361
368
460
466
471
485
487
493
500
507
519
546
563
566
576
587
634
651
658
661
665
671
675
677
682
692
696
704
710
726
735
743
747
760
766
768
790
798
811
823
827
836
843
853
859
868
876
934
938
946
954
966
984
1065
1069
1079
1086
1093
1104
1119
1126
1132
1141
1144
1152
1155
1158
1165
1172
1180
1193
1204
1212
1218
1227
1231
1233
1259
1267
1283
1286
1295
1298
1307
1317
1325
1336
1345
1349
1358
1363
1366
1372
1377
1385
1397
1426
1431
1435
1444
1447
1453
1459
1484
1495
1500
1507
1512
1515
1520
1526
1530
1537
1554
1578
1589
1593
1596
1602
1606
1609
1613
1616
1620
1642
1668
1671
1673
1680
1683
1688
1693
1699
1706
1719
1741
1745
1748
1754
1766
1770
1773
1779
1803
1825
1831
1834
1839
1844
1851
1855
1858
1866
1873
1880
1893
1906
1915
1921
1928
1942
1945
1948
1953
1963
1979
1984
2004
2010
2015
2019
2031
2039
2043
2052
2057
2065
2089
2093
2104
2115
2122
2135
2139
2143
2152
2155
2161
2169
2172
2175
2190
2229
2238
2250
2256
2276
2285
2290
2304
2307
2310
2313
2316
2324
2327
2331
2339
2342
2381
2390
2394
2399
2405
2414
2421
2428
2432
2436
2441
2445
2452
2463
2499
2504
2510
2515
2518
2523
2534
2538
2545
2573
2576
2585
2591
2595
2597
2603
2606
2610
2614
2626
2667
2673
2676
2679
2686
2689
2692
2697
2700
2703
2708
2715
2727
2738
2749
2757
2768
2774
2777
2788
2796
2804
2825
2828
2834
2842
2852
2856
2867
2881
2890
2903
2913
2917
2920
2936
2939
2942
2945
2952
2967
2973
2976
2992
2999
3004
3015
3022
3029
3034
3037
3046
3062
3070
3076
3084
3087
3093
3099
3102
3134
3139
3152
3156
3160
3163
3167
3169
3174
3188
3192
3216
3220
3225
3234
3239
3242
3245
3248
3253
3257
3272
3306
3318
3321
3325
3332
3347
3352
3355
3358
3371
3374
3381
3385
3388
3389
3394
3410
3421
3436
3442
3445
3449
3452
3457
3460
3463
3473
3483
3511
3514
3520
3521
3532
3536
3541
3547
3552
3569
3572
3605
3621
3627
3630
3633
3644
3653
3656
3661
3681
3692
3696
3709
3717
3721
3728
3733
3746
3751
3755
3758
3769
3775
3784
3786
3808
3824
3833
3836
3849
3855
3858
3864
3871
3875
3883
3886
3890
3895
3912
3917
3922
3925
3943
3960
3972
3975
3981
3994
3997
4002
4007
4012
4022
4030
4033
4036
4044
4061
4063
4073
4084
4090
4102
4109
4111
4120
4122
4135
4141
4150
4160
4166
4173
4180
4182
4190
4192
4201
4204
4212
4213
4219
4221
4232
4234
4240
4247
4258
4264
4272
4273
4282
4288
4296
4302
4308
4317
4320
4322
4329
4335
4345
4347
4356
4362
4375
4384
4390
4399
4401
4411
4422
4424
4431
4437
4440
4447
4449
4455
4463
4465
4474
4476
4483
4485
4491
4502
4504
4510
4512
4517
4519
4530
4532
4541
4547
4554
4556
4566
4573
4576
4586
4588
4594
4596
4605
4608
4614
4620
4621
4627
4633
4636
4646
4655
4661
4671
4678
4680
4695
4702
4709
4712
4719
4725
4731
4733
4742
4744
4754
4756
4761
4764
4774
4782
4784
4789
4791
4800
4810
4812
4825
4828
4837
4840
4851
4857
4860
4871
4877
4884
4890
4899
4905
4912
4918
4928
4930
4941
4943
4958
4960
4971
4973
4982
4989
4992
4998
5005
5007
5016
5018
5025
5027
5033
5035
5046
5048
5054
5061
5063
5072
5074
5081
5083
5089
5091
5098
5100
5116
5118
5125
5135
5138
5142
5146
5150
5158
5164
5168
5173
5178
5181
5184
5188
5198
5215
5220
5223
5230
5236
5244
5248
5251
5254
5257
5272
5276
5282
5305
5309
5322
5333
5340
5345
5348
5351
5357
5361
5370
5381
5386
5399
5403
5407
5410
5416
5421
5427
5436
5456
5468
5476
5484
5487
5501
5519
5525
5535
5538
5541
5548
5553
5559
5566
5572
5575
5590
5622
5627
5636
5639
5645
5649
5652
5659
5666
5672
5680
5683
5696
5704
5719
5722
5732
5737
5744
5756
5761
5770
5774
5779
5784
5792
5795
5802
5809
5816
5821
5831
5846
5848
5856
5876
5883
5888
5897
5899
5908
5916
5924
5932
5933
5935
5948
5954
5956
5966
5969
5976
5979
5991
6000
6002
6018
6020
6027
6040
6043
6045
6056
6074
6075
6076
6087
6100
6102
6113
6115
6124
6127
6140
6150
6160
6171
6176
6186
6211
6220
6223
6248
6253
6260
6271
6274
6287
6296
6297
6303
6315
6336
6339
6348
6367
6380
6388
6390
6396
6412
$END STRUCTURE
$EXIT COMPONENT
$FIN
