$ENTER COMPONENT  NAME = DFLT_COMP  DOFTYPE = DISP MATH
!------
   $SITUATION  NAME = STEP_1
      DFLT_COMP  CONSTRAINTS = C_STEP_1  SYSTEM = S_STEP_1  LOADING = L_STEP_1
   $END SITUATION
!
   $STRUCTURE
!
      $ELEMENT TYPE = BECOS
                1          1          3
                2          3          4
                3          4          5
                4          5          6
                5          6          7
                6          7          8
                7          8          9
                8          9         10
                9         10         11
               10         11         12
               11         12         13
               12         13         14
               13         14         15
               14         15         16
               15         16         17
               16         17         18
               17         18         19
               18         19         20
               19         20         21
               20         21         22
               21         22         23
               22         23         24
               23         24         25
               24         25         26
               25         26         27
               26         27         28
               27         28         29
               28         29         30
               29         30         31
               30         31         32
               31         32         33
               32         33         34
               33         34         35
               34         35         36
               35         36         37
               36         37         38
               37         38         39
               38         39         40
               39         40         41
               40         41         42
               41         42         43
               42         43         44
               43         44         45
               44         45         46
               45         46         47
               46         47         48
               47         48         49
               48         49         50
               49         50         51
               50         51          2
!
      $ESET NAME = BEAM
                1          2          3          4          5          6          7          8          9         10         11         12         13         14
               15         16         17         18         19         20         21         22         23         24         25         26         27         28
               29         30         31         32         33         34         35         36         37         38         39         40         41         42
               43         44         45         46         47         48         49         50
      $ESET NAME = LINE1
                1          2          3          4          5          6          7          8          9         10         11         12         13         14
               15         16         17         18         19         20         21         22         23         24         25         26         27         28
               29         30         31         32         33         34         35         36         37         38         39         40         41         42
               43         44         45         46         47         48         49         50
!
      $COOR
                1  0.000000E+00  0.000000E+00  0.000000E+00
                2  0.000000E+00  0.000000E+00  5.000000E+00
                3  0.000000E+00  0.000000E+00  1.000000E-01
                4  0.000000E+00  0.000000E+00  2.000000E-01
                5  0.000000E+00  0.000000E+00  3.000000E-01
                6  0.000000E+00  0.000000E+00  4.000000E-01
                7  0.000000E+00  0.000000E+00  5.000000E-01
                8  0.000000E+00  0.000000E+00  6.000000E-01
                9  0.000000E+00  0.000000E+00  7.000000E-01
               10  0.000000E+00  0.000000E+00  8.000000E-01
               11  0.000000E+00  0.000000E+00  9.000000E-01
               12  0.000000E+00  0.000000E+00  1.000000E+00
               13  0.000000E+00  0.000000E+00  1.100000E+00
               14  0.000000E+00  0.000000E+00  1.200000E+00
               15  0.000000E+00  0.000000E+00  1.300000E+00
               16  0.000000E+00  0.000000E+00  1.400000E+00
               17  0.000000E+00  0.000000E+00  1.500000E+00
               18  0.000000E+00  0.000000E+00  1.600000E+00
               19  0.000000E+00  0.000000E+00  1.700000E+00
               20  0.000000E+00  0.000000E+00  1.800000E+00
               21  0.000000E+00  0.000000E+00  1.900000E+00
               22  0.000000E+00  0.000000E+00  2.000000E+00
               23  0.000000E+00  0.000000E+00  2.100000E+00
               24  0.000000E+00  0.000000E+00  2.200000E+00
               25  0.000000E+00  0.000000E+00  2.300000E+00
               26  0.000000E+00  0.000000E+00  2.400000E+00
               27  0.000000E+00  0.000000E+00  2.500000E+00
               28  0.000000E+00  0.000000E+00  2.600000E+00
               29  0.000000E+00  0.000000E+00  2.700000E+00
               30  0.000000E+00  0.000000E+00  2.800000E+00
               31  0.000000E+00  0.000000E+00  2.900000E+00
               32  0.000000E+00  0.000000E+00  3.000000E+00
               33  0.000000E+00  0.000000E+00  3.100000E+00
               34  0.000000E+00  0.000000E+00  3.200000E+00
               35  0.000000E+00  0.000000E+00  3.300000E+00
               36  0.000000E+00  0.000000E+00  3.400000E+00
               37  0.000000E+00  0.000000E+00  3.500000E+00
               38  0.000000E+00  0.000000E+00  3.600000E+00
               39  0.000000E+00  0.000000E+00  3.700000E+00
               40  0.000000E+00  0.000000E+00  3.800000E+00
               41  0.000000E+00  0.000000E+00  3.900000E+00
               42  0.000000E+00  0.000000E+00  4.000000E+00
               43  0.000000E+00  0.000000E+00  4.100000E+00
               44  0.000000E+00  0.000000E+00  4.200000E+00
               45  0.000000E+00  0.000000E+00  4.300000E+00
               46  0.000000E+00  0.000000E+00  4.400000E+00
               47  0.000000E+00  0.000000E+00  4.500000E+00
               48  0.000000E+00  0.000000E+00  4.600000E+00
               49  0.000000E+00  0.000000E+00  4.700000E+00
               50  0.000000E+00  0.000000E+00  4.800000E+00
               51  0.000000E+00  0.000000E+00  4.900000E+00
!
      $PART  NAME = LINE1
       LINE1
!
   $END STRUCTURE
!------
   $SYSTEM  NAME = S_STEP_1
!
   $END SYSTEM
!------
   $CONSTRAINTS  NAME = C_STEP_1
!
   $END CONSTRAINTS
!------
   $LOADING  NAME = L_STEP_1
!
   $END LOADING
!------
$EXIT COMPONENT
!------------------------------------
$FIN
