 Low damping
  
 Print of DATAOBJECT Table in situation STEP_3 of component DFLT_COMP
 ====================================================================
  
 > Complex eigenvalues and frequencies in component system (Table CVALTAB.DISP)
 ----------------------------------------------------------------------------------------------------------
       Row       Frequency   Real(Lambda) Imag(Lambda) Damp.Coeff.   Circ.Freq   Eq.Dmp.Ratio  Ref.Freq.
 ----------------------------------------------------------------------------------------------------------
              1  2.37873E-01 -6.10721E-04  1.49460E+00 -6.10721E-04  1.49460E+00  4.08618E-04  0.00000E+00
              2 -2.37873E-01 -6.10721E-04 -1.49460E+00 -6.10721E-04 -1.49460E+00  4.08618E-04  0.00000E+00
              3  7.08312E-01 -5.32214E-03  4.45045E+00 -5.32214E-03  4.45045E+00  1.19586E-03  0.00000E+00
              4 -7.08312E-01 -5.32214E-03 -4.45045E+00 -5.32214E-03 -4.45045E+00  1.19586E-03  0.00000E+00
              5  1.16294E+00 -9.84420E-03  7.30697E+00 -9.84420E-03  7.30697E+00  1.34723E-03  0.00000E+00
              6 -1.16294E+00 -9.84420E-03 -7.30697E+00 -9.84420E-03 -7.30697E+00  1.34723E-03  0.00000E+00
              7  1.59160E+00 -2.85706E-02  1.00003E+01 -2.85706E-02  1.00003E+01  2.85696E-03  0.00000E+00
              8 -1.59160E+00 -2.85706E-02 -1.00003E+01 -2.85706E-02 -1.00003E+01  2.85696E-03  0.00000E+00
              9  1.98481E+00 -3.92833E-02  1.24710E+01 -3.92833E-02  1.24710E+01  3.14996E-03  0.00000E+00
             10 -1.98481E+00 -3.92833E-02 -1.24710E+01 -3.92833E-02 -1.24710E+01  3.14996E-03  0.00000E+00
             11  2.33346E+00 -1.01260E-01  1.46615E+01 -1.01260E-01  1.46615E+01  6.90634E-03  0.00000E+00
             12 -2.33346E+00 -1.01260E-01 -1.46615E+01 -1.01260E-01 -1.46615E+01  6.90634E-03  0.00000E+00
             13  2.63016E+00 -9.91209E-02  1.65258E+01 -9.91209E-02  1.65258E+01  5.99783E-03  0.00000E+00
             14 -2.63016E+00 -9.91209E-02 -1.65258E+01 -9.91209E-02 -1.65258E+01  5.99783E-03  0.00000E+00
             15  2.86778E+00 -1.55440E-01  1.80188E+01 -1.55440E-01  1.80188E+01  8.62621E-03  0.00000E+00
             16 -2.86778E+00 -1.55440E-01 -1.80188E+01 -1.55440E-01 -1.80188E+01  8.62621E-03  0.00000E+00
             17  3.04109E+00 -6.60001E-02  1.91077E+01 -6.60001E-02  1.91077E+01  3.45408E-03  0.00000E+00
             18 -3.04109E+00 -6.60001E-02 -1.91077E+01 -6.60001E-02 -1.91077E+01  3.45408E-03  0.00000E+00
             19  3.14713E+00 -9.45486E-02  1.97740E+01 -9.45486E-02  1.97740E+01  4.78141E-03  0.00000E+00
             20 -3.14713E+00 -9.45486E-02 -1.97740E+01 -9.45486E-02 -1.97740E+01  4.78141E-03  0.00000E+00
 ----------------------------------------------------------------------------------------------------------
  
 high damping
  
 Print of DATAOBJECT Table in situation STEP_4 of component DFLT_COMP
 ====================================================================
  
 > Complex eigenvalues and frequencies in component system (Table CVALTAB.DISP)
 ----------------------------------------------------------------------------------------------------------
       Row       Frequency   Real(Lambda) Imag(Lambda) Damp.Coeff.   Circ.Freq   Eq.Dmp.Ratio  Ref.Freq.
 ----------------------------------------------------------------------------------------------------------
              1  7.52221E+00 -9.16084E-03  4.72635E+01 -9.16084E-03  4.72635E+01  1.93825E-04  0.00000E+00
              2 -7.52221E+00 -9.16084E-03 -4.72635E+01 -9.16084E-03 -4.72635E+01  1.93825E-04  0.00000E+00
              3  2.23986E+01 -7.98341E-02  1.40735E+02 -7.98341E-02  1.40735E+02  5.67266E-04  0.00000E+00
              4 -2.23986E+01 -7.98341E-02 -1.40735E+02 -7.98341E-02 -1.40735E+02  5.67266E-04  0.00000E+00
              5  3.67748E+01 -1.47687E-01  2.31063E+02 -1.47687E-01  2.31063E+02  6.39163E-04  0.00000E+00
              6 -3.67748E+01 -1.47687E-01 -2.31063E+02 -1.47687E-01 -2.31063E+02  6.39163E-04  0.00000E+00
              7  5.03296E+01 -4.28569E-01  3.16230E+02 -4.28569E-01  3.16230E+02  1.35524E-03  0.00000E+00
              8 -5.03296E+01 -4.28569E-01 -3.16230E+02 -4.28569E-01 -3.16230E+02  1.35524E-03  0.00000E+00
              9  6.27608E+01 -5.89482E-01  3.94338E+02 -5.89482E-01  3.94338E+02  1.49486E-03  0.00000E+00
             10 -6.27608E+01 -5.89482E-01 -3.94338E+02 -5.89482E-01 -3.94338E+02  1.49486E-03  0.00000E+00
             11  7.37884E+01 -1.51840E+00  4.63626E+02 -1.51840E+00  4.63626E+02  3.27504E-03  0.00000E+00
             12 -7.37884E+01 -1.51840E+00 -4.63626E+02 -1.51840E+00 -4.63626E+02  3.27504E-03  0.00000E+00
             13  8.31691E+01 -1.48572E+00  5.22567E+02 -1.48572E+00  5.22567E+02  2.84311E-03  0.00000E+00
             14 -8.31691E+01 -1.48572E+00 -5.22567E+02 -1.48572E+00 -5.22567E+02  2.84311E-03  0.00000E+00
             15  9.06894E+01 -2.33084E+00  5.69819E+02 -2.33084E+00  5.69819E+02  4.09045E-03  0.00000E+00
             16 -9.06894E+01 -2.33084E+00 -5.69819E+02 -2.33084E+00 -5.69819E+02  4.09045E-03  0.00000E+00
             17  9.61823E+01 -9.91725E-01  6.04331E+02 -9.91725E-01  6.04331E+02  1.64103E-03  0.00000E+00
             18 -9.61823E+01 -9.91725E-01 -6.04331E+02 -9.91725E-01 -6.04331E+02  1.64103E-03  0.00000E+00
             19  9.95312E+01 -1.41858E+00  6.25373E+02 -1.41858E+00  6.25373E+02  2.26837E-03  0.00000E+00
             20 -9.95312E+01 -1.41858E+00 -6.25373E+02 -1.41858E+00 -6.25373E+02  2.26837E-03  0.00000E+00
 ----------------------------------------------------------------------------------------------------------
  
