$ENTER COMPONENT  NAME = DFLT_COMP  DOFTYPE = DISP PRES MATH
!------
   $SITUATION  NAME = STEP_1
      DFLT_COMP  CONSTRAINTS = C_STEP_1  SYSTEM = S_STEP_1 
   $END SITUATION
!
   $STRUCTURE
!
      $ELEMENT TYPE = FLHEX20
                1          1        197          9        199         57        200         28        198        201        202        204        203         51
         &               205         92        207        147        208         90        206
                2         51        205         92        207        147        208         90        206        209        210        212        211         52
         &               213         93        215        148        216         91        214
                3         52        213         93        215        148        216         91        214        217        218        220        219          6
         &               221         34        223        122        224         33        222
                4         28        200         57        226         58        227         27        225        203        204        229        228         90
         &               208        147        231        149        232         88        230
                5         90        208        147        231        149        232         88        230        211        212        234        233         91
         &               216        148        236        150        237         89        235
                6         91        216        148        236        150        237         89        235        219        220        239        238         33
         &               224        122        241        123        242         32        240
                7         27        227         58        244         59        245         26        243        228        229        247        246         88
         &               232        149        249        151        250         86        248
                8         88        232        149        249        151        250         86        248        233        234        252        251         89
         &               237        150        254        152        255         87        253
                9         89        237        150        254        152        255         87        253        238        239        257        256         32
         &               242        123        259        124        260         31        258
               10         26        245         59        262         60        263         25        261        246        247        265        264         86
         &               250        151        267        153        268         84        266
               11         86        250        151        267        153        268         84        266        251        252        270        269         87
         &               255        152        272        154        273         85        271
               12         87        255        152        272        154        273         85        271        256        257        275        274         31
         &               260        124        277        125        278         30        276
               13         25        263         60        280         61        281         24        279        264        265        283        282         84
         &               268        153        285        155        286         82        284
               14         84        268        153        285        155        286         82        284        269        270        288        287         85
         &               273        154        290        156        291         83        289
               15         85        273        154        290        156        291         83        289        274        275        293        292         30
         &               278        125        295        126        296         29        294
               16         24        281         61        298         23        299          4        297        282        283        301        300         82
         &               286        155        303        120        304         49        302
               17         82        286        155        303        120        304         49        302        287        288        306        305         83
         &               291        156        308        121        309         50        307
               18         83        291        156        308        121        309         50        307        292        293        311        310         29
         &               296        126        313         48        314          5        312
               19          9        315         10        316         62        317         57        199        202        318        319        204         92
         &               320         94        321        157        322        147        207
               20         92        320         94        321        157        322        147        207        210        323        324        212         93
         &               325         95        326        158        327        148        215
               21         93        325         95        326        158        327        148        215        218        328        329        220         34
         &               330         35        331        127        332        122        223
               22         57        317         62        333         63        334         58        226        204        319        335        229        147
         &               322        157        336        159        337        149        231
               23        147        322        157        336        159        337        149        231        212        324        338        234        148
         &               327        158        339        160        340        150        236
               24        148        327        158        339        160        340        150        236        220        329        341        239        122
         &               332        127        342        128        343        123        241
               25         58        334         63        344         64        345         59        244        229        335        346        247        149
         &               337        159        347        161        348        151        249
               26        149        337        159        347        161        348        151        249        234        338        349        252        150
         &               340        160        350        162        351        152        254
               27        150        340        160        350        162        351        152        254        239        341        352        257        123
         &               343        128        353        129        354        124        259
               28         59        345         64        355         65        356         60        262        247        346        357        265        151
         &               348        161        358        163        359        153        267
               29        151        348        161        358        163        359        153        267        252        349        360        270        152
         &               351        162        361        164        362        154        272
               30        152        351        162        361        164        362        154        272        257        352        363        275        124
         &               354        129        364        130        365        125        277
               31         60        356         65        366         66        367         61        280        265        357        368        283        153
         &               359        163        369        165        370        155        285
               32        153        359        163        369        165        370        155        285        270        360        371        288        154
         &               362        164        372        166        373        156        290
               33        154        362        164        372        166        373        156        290        275        363        374        293        125
         &               365        130        375        131        376        126        295
               34         61        367         66        377         22        378         23        298        283        368        379        301        155
         &               370        165        380        118        381        120        303
               35        155        370        165        380        118        381        120        303        288        371        382        306        156
         &               373        166        383        119        384        121        308
               36        156        373        166        383        119        384        121        308        293        374        385        311        126
         &               376        131        386         47        387         48        313
               37         10        388         11        389         67        390         62        316        318        391        392        319         94
         &               393         96        394        167        395        157        321
               38         94        393         96        394        167        395        157        321        323        396        397        324         95
         &               398         97        399        168        400        158        326
               39         95        398         97        399        168        400        158        326        328        401        402        329         35
         &               403         36        404        132        405        127        331
               40         62        390         67        406         68        407         63        333        319        392        408        335        157
         &               395        167        409        169        410        159        336
               41        157        395        167        409        169        410        159        336        324        397        411        338        158
         &               400        168        412        170        413        160        339
               42        158        400        168        412        170        413        160        339        329        402        414        341        127
         &               405        132        415        133        416        128        342
               43         63        407         68        417         69        418         64        344        335        408        419        346        159
         &               410        169        420        171        421        161        347
               44        159        410        169        420        171        421        161        347        338        411        422        349        160
         &               413        170        423        172        424        162        350
               45        160        413        170        423        172        424        162        350        341        414        425        352        128
         &               416        133        426        134        427        129        353
               46         64        418         69        428         70        429         65        355        346        419        430        357        161
         &               421        171        431        173        432        163        358
               47        161        421        171        431        173        432        163        358        349        422        433        360        162
         &               424        172        434        174        435        164        361
               48        162        424        172        434        174        435        164        361        352        425        436        363        129
         &               427        134        437        135        438        130        364
               49         65        429         70        439         71        440         66        366        357        430        441        368        163
         &               432        173        442        175        443        165        369
               50        163        432        173        442        175        443        165        369        360        433        444        371        164
         &               435        174        445        176        446        166        372
               51        164        435        174        445        176        446        166        372        363        436        447        374        130
         &               438        135        448        136        449        131        375
               52         66        440         71        450         21        451         22        377        368        441        452        379        165
         &               443        175        453        116        454        118        380
               53        165        443        175        453        116        454        118        380        371        444        455        382        166
         &               446        176        456        117        457        119        383
               54        166        446        176        456        117        457        119        383        374        447        458        385        131
         &               449        136        459         46        460         47        386
               55         11        461         12        462         72        463         67        389        391        464        465        392         96
         &               466         98        467        177        468        167        394
               56         96        466         98        467        177        468        167        394        396        469        470        397         97
         &               471         99        472        178        473        168        399
               57         97        471         99        472        178        473        168        399        401        474        475        402         36
         &               476         37        477        137        478        132        404
               58         67        463         72        479         73        480         68        406        392        465        481        408        167
         &               468        177        482        179        483        169        409
               59        167        468        177        482        179        483        169        409        397        470        484        411        168
         &               473        178        485        180        486        170        412
               60        168        473        178        485        180        486        170        412        402        475        487        414        132
         &               478        137        488        138        489        133        415
               61         68        480         73        490         74        491         69        417        408        481        492        419        169
         &               483        179        493        181        494        171        420
               62        169        483        179        493        181        494        171        420        411        484        495        422        170
         &               486        180        496        182        497        172        423
               63        170        486        180        496        182        497        172        423        414        487        498        425        133
         &               489        138        499        139        500        134        426
               64         69        491         74        501         75        502         70        428        419        492        503        430        171
         &               494        181        504        183        505        173        431
               65        171        494        181        504        183        505        173        431        422        495        506        433        172
         &               497        182        507        184        508        174        434
               66        172        497        182        507        184        508        174        434        425        498        509        436        134
         &               500        139        510        140        511        135        437
               67         70        502         75        512         76        513         71        439        430        503        514        441        173
         &               505        183        515        185        516        175        442
               68        173        505        183        515        185        516        175        442        433        506        517        444        174
         &               508        184        518        186        519        176        445
               69        174        508        184        518        186        519        176        445        436        509        520        447        135
         &               511        140        521        141        522        136        448
               70         71        513         76        523         20        524         21        450        441        514        525        452        175
         &               516        185        526        114        527        116        453
               71        175        516        185        526        114        527        116        453        444        517        528        455        176
         &               519        186        529        115        530        117        456
               72        176        519        186        529        115        530        117        456        447        520        531        458        136
         &               522        141        532         45        533         46        459
               73         12        534         13        535         77        536         72        462        464        537        538        465         98
         &               539        100        540        187        541        177        467
               74         98        539        100        540        187        541        177        467        469        542        543        470         99
         &               544        101        545        188        546        178        472
               75         99        544        101        545        188        546        178        472        474        547        548        475         37
         &               549         38        550        142        551        137        477
               76         72        536         77        552         78        553         73        479        465        538        554        481        177
         &               541        187        555        189        556        179        482
               77        177        541        187        555        189        556        179        482        470        543        557        484        178
         &               546        188        558        190        559        180        485
               78        178        546        188        558        190        559        180        485        475        548        560        487        137
         &               551        142        561        143        562        138        488
               79         73        553         78        563         79        564         74        490        481        554        565        492        179
         &               556        189        566        191        567        181        493
               80        179        556        189        566        191        567        181        493        484        557        568        495        180
         &               559        190        569        192        570        182        496
               81        180        559        190        569        192        570        182        496        487        560        571        498        138
         &               562        143        572        144        573        139        499
               82         74        564         79        574         80        575         75        501        492        565        576        503        181
         &               567        191        577        193        578        183        504
               83        181        567        191        577        193        578        183        504        495        568        579        506        182
         &               570        192        580        194        581        184        507
               84        182        570        192        580        194        581        184        507        498        571        582        509        139
         &               573        144        583        145        584        140        510
               85         75        575         80        585         81        586         76        512        503        576        587        514        183
         &               578        193        588        195        589        185        515
               86        183        578        193        588        195        589        185        515        506        579        590        517        184
         &               581        194        591        196        592        186        518
               87        184        581        194        591        196        592        186        518        509        582        593        520        140
         &               584        145        594        146        595        141        521
               88         76        586         81        596         19        597         20        523        514        587        598        525        185
         &               589        195        599        112        600        114        526
               89        185        589        195        599        112        600        114        526        517        590        601        528        186
         &               592        196        602        113        603        115        529
               90        186        592        196        602        113        603        115        529        520        593        604        531        141
         &               595        146        605         44        606         45        532
               91         13        607          2        608         14        609         77        535        537        610        611        538        100
         &               612         53        613        102        614        187        540
               92        100        612         53        613        102        614        187        540        542        615        616        543        101
         &               617         54        618        103        619        188        545
               93        101        617         54        618        103        619        188        545        547        620        621        548         38
         &               622          7        623         39        624        142        550
               94         77        609         14        625         15        626         78        552        538        611        627        554        187
         &               614        102        628        104        629        189        555
               95        187        614        102        628        104        629        189        555        543        616        630        557        188
         &               619        103        631        105        632        190        558
               96        188        619        103        631        105        632        190        558        548        621        633        560        142
         &               624         39        634         40        635        143        561
               97         78        626         15        636         16        637         79        563        554        627        638        565        189
         &               629        104        639        106        640        191        566
               98        189        629        104        639        106        640        191        566        557        630        641        568        190
         &               632        105        642        107        643        192        569
               99        190        632        105        642        107        643        192        569        560        633        644        571        143
         &               635         40        645         41        646        144        572
              100         79        637         16        647         17        648         80        574        565        638        649        576        191
         &               640        106        650        108        651        193        577
              101        191        640        106        650        108        651        193        577        568        641        652        579        192
         &               643        107        653        109        654        194        580
              102        192        643        107        653        109        654        194        580        571        644        655        582        144
         &               646         41        656         42        657        145        583
              103         80        648         17        658         18        659         81        585        576        649        660        587        193
         &               651        108        661        110        662        195        588
              104        193        651        108        661        110        662        195        588        579        652        663        590        194
         &               654        109        664        111        665        196        591
              105        194        654        109        664        111        665        196        591        582        655        666        593        145
         &               657         42        667         43        668        146        594
              106         81        659         18        669          3        670         19        596        587        660        671        598        195
         &               662        110        672         55        673        112        599
              107        195        662        110        672         55        673        112        599        590        663        674        601        196
         &               665        111        675         56        676        113        602
              108        196        665        111        675         56        676        113        602        593        666        677        604        146
         &               668         43        678          8        679         44        605
!
      $ESET NAME = ROOM
                1          2          3          4          5          6          7          8          9         10         11         12         13         14
               15         16         17         18         19         20         21         22         23         24         25         26         27         28
               29         30         31         32         33         34         35         36         37         38         39         40         41         42
               43         44         45         46         47         48         49         50         51         52         53         54         55         56
               57         58         59         60         61         62         63         64         65         66         67         68         69         70
               71         72         73         74         75         76         77         78         79         80         81         82         83         84
               85         86         87         88         89         90         91         92         93         94         95         96         97         98
               99        100        101        102        103        104        105        106        107        108
      $ESET NAME = VOLUME1
                1          2          3          4          5          6          7          8          9         10         11         12         13         14
               15         16         17         18         19         20         21         22         23         24         25         26         27         28
               29         30         31         32         33         34         35         36         37         38         39         40         41         42
               43         44         45         46         47         48         49         50         51         52         53         54         55         56
               57         58         59         60         61         62         63         64         65         66         67         68         69         70
               71         72         73         74         75         76         77         78         79         80         81         82         83         84
               85         86         87         88         89         90         91         92         93         94         95         96         97         98
               99        100        101        102        103        104        105        106        107        108
!
      $COOR
                1  0.000000E+00  0.000000E+00  0.000000E+00
                2  4.000000E+00  0.000000E+00  0.000000E+00
                3  4.000000E+00  3.000000E+00  0.000000E+00
                4  0.000000E+00  3.000000E+00  0.000000E+00
                5  0.000000E+00  3.000000E+00  2.500000E+00
                6  0.000000E+00  0.000000E+00  2.500000E+00
                7  4.000000E+00  0.000000E+00  2.500000E+00
                8  4.000000E+00  3.000000E+00  2.500000E+00
                9  6.666667E-01  0.000000E+00  0.000000E+00
               10  1.333333E+00  0.000000E+00  0.000000E+00
               11  2.000000E+00  0.000000E+00  0.000000E+00
               12  2.666667E+00  0.000000E+00  0.000000E+00
               13  3.333333E+00  0.000000E+00  0.000000E+00
               14  4.000000E+00  5.000000E-01  0.000000E+00
               15  4.000000E+00  1.000000E+00  0.000000E+00
               16  4.000000E+00  1.500000E+00  0.000000E+00
               17  4.000000E+00  2.000000E+00  0.000000E+00
               18  4.000000E+00  2.500000E+00  0.000000E+00
               19  3.333333E+00  3.000000E+00  0.000000E+00
               20  2.666667E+00  3.000000E+00  0.000000E+00
               21  2.000000E+00  3.000000E+00  0.000000E+00
               22  1.333333E+00  3.000000E+00  0.000000E+00
               23  6.666667E-01  3.000000E+00  0.000000E+00
               24  0.000000E+00  2.500000E+00  0.000000E+00
               25  0.000000E+00  2.000000E+00  0.000000E+00
               26  0.000000E+00  1.500000E+00  0.000000E+00
               27  0.000000E+00  1.000000E+00  0.000000E+00
               28  0.000000E+00  5.000000E-01  0.000000E+00
               29  0.000000E+00  2.500000E+00  2.500000E+00
               30  0.000000E+00  2.000000E+00  2.500000E+00
               31  0.000000E+00  1.500000E+00  2.500000E+00
               32  0.000000E+00  1.000000E+00  2.500000E+00
               33  0.000000E+00  5.000000E-01  2.500000E+00
               34  6.666667E-01  0.000000E+00  2.500000E+00
               35  1.333333E+00  0.000000E+00  2.500000E+00
               36  2.000000E+00  0.000000E+00  2.500000E+00
               37  2.666667E+00  0.000000E+00  2.500000E+00
               38  3.333333E+00  0.000000E+00  2.500000E+00
               39  4.000000E+00  5.000000E-01  2.500000E+00
               40  4.000000E+00  1.000000E+00  2.500000E+00
               41  4.000000E+00  1.500000E+00  2.500000E+00
               42  4.000000E+00  2.000000E+00  2.500000E+00
               43  4.000000E+00  2.500000E+00  2.500000E+00
               44  3.333333E+00  3.000000E+00  2.500000E+00
               45  2.666667E+00  3.000000E+00  2.500000E+00
               46  2.000000E+00  3.000000E+00  2.500000E+00
               47  1.333333E+00  3.000000E+00  2.500000E+00
               48  6.666667E-01  3.000000E+00  2.500000E+00
               49  0.000000E+00  3.000000E+00  8.333333E-01
               50  0.000000E+00  3.000000E+00  1.666667E+00
               51  0.000000E+00  0.000000E+00  8.333333E-01
               52  0.000000E+00  0.000000E+00  1.666667E+00
               53  4.000000E+00  0.000000E+00  8.333333E-01
               54  4.000000E+00  0.000000E+00  1.666667E+00
               55  4.000000E+00  3.000000E+00  8.333333E-01
               56  4.000000E+00  3.000000E+00  1.666667E+00
               57  6.666667E-01  5.000000E-01  0.000000E+00
               58  6.666667E-01  1.000000E+00  0.000000E+00
               59  6.666667E-01  1.500000E+00  0.000000E+00
               60  6.666667E-01  2.000000E+00  0.000000E+00
               61  6.666667E-01  2.500000E+00  0.000000E+00
               62  1.333333E+00  5.000000E-01  0.000000E+00
               63  1.333333E+00  1.000000E+00  0.000000E+00
               64  1.333333E+00  1.500000E+00  0.000000E+00
               65  1.333333E+00  2.000000E+00  0.000000E+00
               66  1.333333E+00  2.500000E+00  0.000000E+00
               67  2.000000E+00  5.000000E-01  0.000000E+00
               68  2.000000E+00  1.000000E+00  0.000000E+00
               69  2.000000E+00  1.500000E+00  0.000000E+00
               70  2.000000E+00  2.000000E+00  0.000000E+00
               71  2.000000E+00  2.500000E+00  0.000000E+00
               72  2.666667E+00  5.000000E-01  0.000000E+00
               73  2.666667E+00  1.000000E+00  0.000000E+00
               74  2.666667E+00  1.500000E+00  0.000000E+00
               75  2.666667E+00  2.000000E+00  0.000000E+00
               76  2.666667E+00  2.500000E+00  0.000000E+00
               77  3.333333E+00  5.000000E-01  0.000000E+00
               78  3.333333E+00  1.000000E+00  0.000000E+00
               79  3.333333E+00  1.500000E+00  0.000000E+00
               80  3.333333E+00  2.000000E+00  0.000000E+00
               81  3.333333E+00  2.500000E+00  0.000000E+00
               82  0.000000E+00  2.500000E+00  8.333333E-01
               83  0.000000E+00  2.500000E+00  1.666667E+00
               84  0.000000E+00  2.000000E+00  8.333333E-01
               85  0.000000E+00  2.000000E+00  1.666667E+00
               86  0.000000E+00  1.500000E+00  8.333333E-01
               87  0.000000E+00  1.500000E+00  1.666667E+00
               88  0.000000E+00  1.000000E+00  8.333333E-01
               89  0.000000E+00  1.000000E+00  1.666667E+00
               90  0.000000E+00  5.000000E-01  8.333333E-01
               91  0.000000E+00  5.000000E-01  1.666667E+00
               92  6.666667E-01  0.000000E+00  8.333333E-01
               93  6.666667E-01  0.000000E+00  1.666667E+00
               94  1.333333E+00  0.000000E+00  8.333333E-01
               95  1.333333E+00  0.000000E+00  1.666667E+00
               96  2.000000E+00  0.000000E+00  8.333333E-01
               97  2.000000E+00  0.000000E+00  1.666667E+00
               98  2.666667E+00  0.000000E+00  8.333333E-01
               99  2.666667E+00  0.000000E+00  1.666667E+00
              100  3.333333E+00  0.000000E+00  8.333333E-01
              101  3.333333E+00  0.000000E+00  1.666667E+00
              102  4.000000E+00  5.000000E-01  8.333333E-01
              103  4.000000E+00  5.000000E-01  1.666667E+00
              104  4.000000E+00  1.000000E+00  8.333333E-01
              105  4.000000E+00  1.000000E+00  1.666667E+00
              106  4.000000E+00  1.500000E+00  8.333333E-01
              107  4.000000E+00  1.500000E+00  1.666667E+00
              108  4.000000E+00  2.000000E+00  8.333333E-01
              109  4.000000E+00  2.000000E+00  1.666667E+00
              110  4.000000E+00  2.500000E+00  8.333333E-01
              111  4.000000E+00  2.500000E+00  1.666667E+00
              112  3.333333E+00  3.000000E+00  8.333333E-01
              113  3.333333E+00  3.000000E+00  1.666667E+00
              114  2.666667E+00  3.000000E+00  8.333333E-01
              115  2.666667E+00  3.000000E+00  1.666667E+00
              116  2.000000E+00  3.000000E+00  8.333333E-01
              117  2.000000E+00  3.000000E+00  1.666667E+00
              118  1.333333E+00  3.000000E+00  8.333333E-01
              119  1.333333E+00  3.000000E+00  1.666667E+00
              120  6.666667E-01  3.000000E+00  8.333333E-01
              121  6.666667E-01  3.000000E+00  1.666667E+00
              122  6.666667E-01  5.000000E-01  2.500000E+00
              123  6.666667E-01  1.000000E+00  2.500000E+00
              124  6.666667E-01  1.500000E+00  2.500000E+00
              125  6.666667E-01  2.000000E+00  2.500000E+00
              126  6.666667E-01  2.500000E+00  2.500000E+00
              127  1.333333E+00  5.000000E-01  2.500000E+00
              128  1.333333E+00  1.000000E+00  2.500000E+00
              129  1.333333E+00  1.500000E+00  2.500000E+00
              130  1.333333E+00  2.000000E+00  2.500000E+00
              131  1.333333E+00  2.500000E+00  2.500000E+00
              132  2.000000E+00  5.000000E-01  2.500000E+00
              133  2.000000E+00  1.000000E+00  2.500000E+00
              134  2.000000E+00  1.500000E+00  2.500000E+00
              135  2.000000E+00  2.000000E+00  2.500000E+00
              136  2.000000E+00  2.500000E+00  2.500000E+00
              137  2.666667E+00  5.000000E-01  2.500000E+00
              138  2.666667E+00  1.000000E+00  2.500000E+00
              139  2.666667E+00  1.500000E+00  2.500000E+00
              140  2.666667E+00  2.000000E+00  2.500000E+00
              141  2.666667E+00  2.500000E+00  2.500000E+00
              142  3.333333E+00  5.000000E-01  2.500000E+00
              143  3.333333E+00  1.000000E+00  2.500000E+00
              144  3.333333E+00  1.500000E+00  2.500000E+00
              145  3.333333E+00  2.000000E+00  2.500000E+00
              146  3.333333E+00  2.500000E+00  2.500000E+00
              147  6.666667E-01  5.000000E-01  8.333333E-01
              148  6.666667E-01  5.000000E-01  1.666667E+00
              149  6.666667E-01  1.000000E+00  8.333333E-01
              150  6.666667E-01  1.000000E+00  1.666667E+00
              151  6.666667E-01  1.500000E+00  8.333333E-01
              152  6.666667E-01  1.500000E+00  1.666667E+00
              153  6.666667E-01  2.000000E+00  8.333333E-01
              154  6.666667E-01  2.000000E+00  1.666667E+00
              155  6.666667E-01  2.500000E+00  8.333333E-01
              156  6.666667E-01  2.500000E+00  1.666667E+00
              157  1.333333E+00  5.000000E-01  8.333333E-01
              158  1.333333E+00  5.000000E-01  1.666667E+00
              159  1.333333E+00  1.000000E+00  8.333333E-01
              160  1.333333E+00  1.000000E+00  1.666667E+00
              161  1.333333E+00  1.500000E+00  8.333333E-01
              162  1.333333E+00  1.500000E+00  1.666667E+00
              163  1.333333E+00  2.000000E+00  8.333333E-01
              164  1.333333E+00  2.000000E+00  1.666667E+00
              165  1.333333E+00  2.500000E+00  8.333333E-01
              166  1.333333E+00  2.500000E+00  1.666667E+00
              167  2.000000E+00  5.000000E-01  8.333333E-01
              168  2.000000E+00  5.000000E-01  1.666667E+00
              169  2.000000E+00  1.000000E+00  8.333333E-01
              170  2.000000E+00  1.000000E+00  1.666667E+00
              171  2.000000E+00  1.500000E+00  8.333333E-01
              172  2.000000E+00  1.500000E+00  1.666667E+00
              173  2.000000E+00  2.000000E+00  8.333333E-01
              174  2.000000E+00  2.000000E+00  1.666667E+00
              175  2.000000E+00  2.500000E+00  8.333333E-01
              176  2.000000E+00  2.500000E+00  1.666667E+00
              177  2.666667E+00  5.000000E-01  8.333333E-01
              178  2.666667E+00  5.000000E-01  1.666667E+00
              179  2.666667E+00  1.000000E+00  8.333333E-01
              180  2.666667E+00  1.000000E+00  1.666667E+00
              181  2.666667E+00  1.500000E+00  8.333333E-01
              182  2.666667E+00  1.500000E+00  1.666667E+00
              183  2.666667E+00  2.000000E+00  8.333333E-01
              184  2.666667E+00  2.000000E+00  1.666667E+00
              185  2.666667E+00  2.500000E+00  8.333333E-01
              186  2.666667E+00  2.500000E+00  1.666667E+00
              187  3.333333E+00  5.000000E-01  8.333333E-01
              188  3.333333E+00  5.000000E-01  1.666667E+00
              189  3.333333E+00  1.000000E+00  8.333333E-01
              190  3.333333E+00  1.000000E+00  1.666667E+00
              191  3.333333E+00  1.500000E+00  8.333333E-01
              192  3.333333E+00  1.500000E+00  1.666667E+00
              193  3.333333E+00  2.000000E+00  8.333333E-01
              194  3.333333E+00  2.000000E+00  1.666667E+00
              195  3.333333E+00  2.500000E+00  8.333333E-01
              196  3.333333E+00  2.500000E+00  1.666667E+00
              197  3.333333E-01  0.000000E+00  0.000000E+00
              198  0.000000E+00  2.500000E-01  0.000000E+00
              199  6.666667E-01  2.500000E-01  0.000000E+00
              200  3.333333E-01  5.000000E-01  0.000000E+00
              201  0.000000E+00  0.000000E+00  4.166667E-01
              202  6.666667E-01  0.000000E+00  4.166667E-01
              203  0.000000E+00  5.000000E-01  4.166667E-01
              204  6.666667E-01  5.000000E-01  4.166667E-01
              205  3.333333E-01  0.000000E+00  8.333333E-01
              206  0.000000E+00  2.500000E-01  8.333333E-01
              207  6.666667E-01  2.500000E-01  8.333333E-01
              208  3.333333E-01  5.000000E-01  8.333333E-01
              209  0.000000E+00  0.000000E+00  1.250000E+00
              210  6.666667E-01  0.000000E+00  1.250000E+00
              211  0.000000E+00  5.000000E-01  1.250000E+00
              212  6.666667E-01  5.000000E-01  1.250000E+00
              213  3.333333E-01  0.000000E+00  1.666667E+00
              214  0.000000E+00  2.500000E-01  1.666667E+00
              215  6.666667E-01  2.500000E-01  1.666667E+00
              216  3.333333E-01  5.000000E-01  1.666667E+00
              217  0.000000E+00  0.000000E+00  2.083333E+00
              218  6.666667E-01  0.000000E+00  2.083333E+00
              219  0.000000E+00  5.000000E-01  2.083333E+00
              220  6.666667E-01  5.000000E-01  2.083333E+00
              221  3.333333E-01  0.000000E+00  2.500000E+00
              222  0.000000E+00  2.500000E-01  2.500000E+00
              223  6.666667E-01  2.500000E-01  2.500000E+00
              224  3.333333E-01  5.000000E-01  2.500000E+00
              225  0.000000E+00  7.500000E-01  0.000000E+00
              226  6.666667E-01  7.500000E-01  0.000000E+00
              227  3.333333E-01  1.000000E+00  0.000000E+00
              228  0.000000E+00  1.000000E+00  4.166667E-01
              229  6.666667E-01  1.000000E+00  4.166667E-01
              230  0.000000E+00  7.500000E-01  8.333333E-01
              231  6.666667E-01  7.500000E-01  8.333333E-01
              232  3.333333E-01  1.000000E+00  8.333333E-01
              233  0.000000E+00  1.000000E+00  1.250000E+00
              234  6.666667E-01  1.000000E+00  1.250000E+00
              235  0.000000E+00  7.500000E-01  1.666667E+00
              236  6.666667E-01  7.500000E-01  1.666667E+00
              237  3.333333E-01  1.000000E+00  1.666667E+00
              238  0.000000E+00  1.000000E+00  2.083333E+00
              239  6.666667E-01  1.000000E+00  2.083333E+00
              240  0.000000E+00  7.500000E-01  2.500000E+00
              241  6.666667E-01  7.500000E-01  2.500000E+00
              242  3.333333E-01  1.000000E+00  2.500000E+00
              243  0.000000E+00  1.250000E+00  0.000000E+00
              244  6.666667E-01  1.250000E+00  0.000000E+00
              245  3.333333E-01  1.500000E+00  0.000000E+00
              246  0.000000E+00  1.500000E+00  4.166667E-01
              247  6.666667E-01  1.500000E+00  4.166667E-01
              248  0.000000E+00  1.250000E+00  8.333333E-01
              249  6.666667E-01  1.250000E+00  8.333333E-01
              250  3.333333E-01  1.500000E+00  8.333333E-01
              251  0.000000E+00  1.500000E+00  1.250000E+00
              252  6.666667E-01  1.500000E+00  1.250000E+00
              253  0.000000E+00  1.250000E+00  1.666667E+00
              254  6.666667E-01  1.250000E+00  1.666667E+00
              255  3.333333E-01  1.500000E+00  1.666667E+00
              256  0.000000E+00  1.500000E+00  2.083333E+00
              257  6.666667E-01  1.500000E+00  2.083333E+00
              258  0.000000E+00  1.250000E+00  2.500000E+00
              259  6.666667E-01  1.250000E+00  2.500000E+00
              260  3.333333E-01  1.500000E+00  2.500000E+00
              261  0.000000E+00  1.750000E+00  0.000000E+00
              262  6.666667E-01  1.750000E+00  0.000000E+00
              263  3.333333E-01  2.000000E+00  0.000000E+00
              264  0.000000E+00  2.000000E+00  4.166667E-01
              265  6.666667E-01  2.000000E+00  4.166667E-01
              266  0.000000E+00  1.750000E+00  8.333333E-01
              267  6.666667E-01  1.750000E+00  8.333333E-01
              268  3.333333E-01  2.000000E+00  8.333333E-01
              269  0.000000E+00  2.000000E+00  1.250000E+00
              270  6.666667E-01  2.000000E+00  1.250000E+00
              271  0.000000E+00  1.750000E+00  1.666667E+00
              272  6.666667E-01  1.750000E+00  1.666667E+00
              273  3.333333E-01  2.000000E+00  1.666667E+00
              274  0.000000E+00  2.000000E+00  2.083333E+00
              275  6.666667E-01  2.000000E+00  2.083333E+00
              276  0.000000E+00  1.750000E+00  2.500000E+00
              277  6.666667E-01  1.750000E+00  2.500000E+00
              278  3.333333E-01  2.000000E+00  2.500000E+00
              279  0.000000E+00  2.250000E+00  0.000000E+00
              280  6.666667E-01  2.250000E+00  0.000000E+00
              281  3.333333E-01  2.500000E+00  0.000000E+00
              282  0.000000E+00  2.500000E+00  4.166667E-01
              283  6.666667E-01  2.500000E+00  4.166667E-01
              284  0.000000E+00  2.250000E+00  8.333333E-01
              285  6.666667E-01  2.250000E+00  8.333333E-01
              286  3.333333E-01  2.500000E+00  8.333333E-01
              287  0.000000E+00  2.500000E+00  1.250000E+00
              288  6.666667E-01  2.500000E+00  1.250000E+00
              289  0.000000E+00  2.250000E+00  1.666667E+00
              290  6.666667E-01  2.250000E+00  1.666667E+00
              291  3.333333E-01  2.500000E+00  1.666667E+00
              292  0.000000E+00  2.500000E+00  2.083333E+00
              293  6.666667E-01  2.500000E+00  2.083333E+00
              294  0.000000E+00  2.250000E+00  2.500000E+00
              295  6.666667E-01  2.250000E+00  2.500000E+00
              296  3.333333E-01  2.500000E+00  2.500000E+00
              297  0.000000E+00  2.750000E+00  0.000000E+00
              298  6.666667E-01  2.750000E+00  0.000000E+00
              299  3.333333E-01  3.000000E+00  0.000000E+00
              300  0.000000E+00  3.000000E+00  4.166667E-01
              301  6.666667E-01  3.000000E+00  4.166667E-01
              302  0.000000E+00  2.750000E+00  8.333333E-01
              303  6.666667E-01  2.750000E+00  8.333333E-01
              304  3.333333E-01  3.000000E+00  8.333333E-01
              305  0.000000E+00  3.000000E+00  1.250000E+00
              306  6.666667E-01  3.000000E+00  1.250000E+00
              307  0.000000E+00  2.750000E+00  1.666667E+00
              308  6.666667E-01  2.750000E+00  1.666667E+00
              309  3.333333E-01  3.000000E+00  1.666667E+00
              310  0.000000E+00  3.000000E+00  2.083333E+00
              311  6.666667E-01  3.000000E+00  2.083333E+00
              312  0.000000E+00  2.750000E+00  2.500000E+00
              313  6.666667E-01  2.750000E+00  2.500000E+00
              314  3.333333E-01  3.000000E+00  2.500000E+00
              315  1.000000E+00  0.000000E+00  0.000000E+00
              316  1.333333E+00  2.500000E-01  0.000000E+00
              317  1.000000E+00  5.000000E-01  0.000000E+00
              318  1.333333E+00  0.000000E+00  4.166667E-01
              319  1.333333E+00  5.000000E-01  4.166667E-01
              320  1.000000E+00  0.000000E+00  8.333333E-01
              321  1.333333E+00  2.500000E-01  8.333333E-01
              322  1.000000E+00  5.000000E-01  8.333333E-01
              323  1.333333E+00  0.000000E+00  1.250000E+00
              324  1.333333E+00  5.000000E-01  1.250000E+00
              325  1.000000E+00  0.000000E+00  1.666667E+00
              326  1.333333E+00  2.500000E-01  1.666667E+00
              327  1.000000E+00  5.000000E-01  1.666667E+00
              328  1.333333E+00  0.000000E+00  2.083333E+00
              329  1.333333E+00  5.000000E-01  2.083333E+00
              330  1.000000E+00  0.000000E+00  2.500000E+00
              331  1.333333E+00  2.500000E-01  2.500000E+00
              332  1.000000E+00  5.000000E-01  2.500000E+00
              333  1.333333E+00  7.500000E-01  0.000000E+00
              334  1.000000E+00  1.000000E+00  0.000000E+00
              335  1.333333E+00  1.000000E+00  4.166667E-01
              336  1.333333E+00  7.500000E-01  8.333333E-01
              337  1.000000E+00  1.000000E+00  8.333333E-01
              338  1.333333E+00  1.000000E+00  1.250000E+00
              339  1.333333E+00  7.500000E-01  1.666667E+00
              340  1.000000E+00  1.000000E+00  1.666667E+00
              341  1.333333E+00  1.000000E+00  2.083333E+00
              342  1.333333E+00  7.500000E-01  2.500000E+00
              343  1.000000E+00  1.000000E+00  2.500000E+00
              344  1.333333E+00  1.250000E+00  0.000000E+00
              345  1.000000E+00  1.500000E+00  0.000000E+00
              346  1.333333E+00  1.500000E+00  4.166667E-01
              347  1.333333E+00  1.250000E+00  8.333333E-01
              348  1.000000E+00  1.500000E+00  8.333333E-01
              349  1.333333E+00  1.500000E+00  1.250000E+00
              350  1.333333E+00  1.250000E+00  1.666667E+00
              351  1.000000E+00  1.500000E+00  1.666667E+00
              352  1.333333E+00  1.500000E+00  2.083333E+00
              353  1.333333E+00  1.250000E+00  2.500000E+00
              354  1.000000E+00  1.500000E+00  2.500000E+00
              355  1.333333E+00  1.750000E+00  0.000000E+00
              356  1.000000E+00  2.000000E+00  0.000000E+00
              357  1.333333E+00  2.000000E+00  4.166667E-01
              358  1.333333E+00  1.750000E+00  8.333333E-01
              359  1.000000E+00  2.000000E+00  8.333333E-01
              360  1.333333E+00  2.000000E+00  1.250000E+00
              361  1.333333E+00  1.750000E+00  1.666667E+00
              362  1.000000E+00  2.000000E+00  1.666667E+00
              363  1.333333E+00  2.000000E+00  2.083333E+00
              364  1.333333E+00  1.750000E+00  2.500000E+00
              365  1.000000E+00  2.000000E+00  2.500000E+00
              366  1.333333E+00  2.250000E+00  0.000000E+00
              367  1.000000E+00  2.500000E+00  0.000000E+00
              368  1.333333E+00  2.500000E+00  4.166667E-01
              369  1.333333E+00  2.250000E+00  8.333333E-01
              370  1.000000E+00  2.500000E+00  8.333333E-01
              371  1.333333E+00  2.500000E+00  1.250000E+00
              372  1.333333E+00  2.250000E+00  1.666667E+00
              373  1.000000E+00  2.500000E+00  1.666667E+00
              374  1.333333E+00  2.500000E+00  2.083333E+00
              375  1.333333E+00  2.250000E+00  2.500000E+00
              376  1.000000E+00  2.500000E+00  2.500000E+00
              377  1.333333E+00  2.750000E+00  0.000000E+00
              378  1.000000E+00  3.000000E+00  0.000000E+00
              379  1.333333E+00  3.000000E+00  4.166667E-01
              380  1.333333E+00  2.750000E+00  8.333333E-01
              381  1.000000E+00  3.000000E+00  8.333333E-01
              382  1.333333E+00  3.000000E+00  1.250000E+00
              383  1.333333E+00  2.750000E+00  1.666667E+00
              384  1.000000E+00  3.000000E+00  1.666667E+00
              385  1.333333E+00  3.000000E+00  2.083333E+00
              386  1.333333E+00  2.750000E+00  2.500000E+00
              387  1.000000E+00  3.000000E+00  2.500000E+00
              388  1.666667E+00  0.000000E+00  0.000000E+00
              389  2.000000E+00  2.500000E-01  0.000000E+00
              390  1.666667E+00  5.000000E-01  0.000000E+00
              391  2.000000E+00  0.000000E+00  4.166667E-01
              392  2.000000E+00  5.000000E-01  4.166667E-01
              393  1.666667E+00  0.000000E+00  8.333333E-01
              394  2.000000E+00  2.500000E-01  8.333333E-01
              395  1.666667E+00  5.000000E-01  8.333333E-01
              396  2.000000E+00  0.000000E+00  1.250000E+00
              397  2.000000E+00  5.000000E-01  1.250000E+00
              398  1.666667E+00  0.000000E+00  1.666667E+00
              399  2.000000E+00  2.500000E-01  1.666667E+00
              400  1.666667E+00  5.000000E-01  1.666667E+00
              401  2.000000E+00  0.000000E+00  2.083333E+00
              402  2.000000E+00  5.000000E-01  2.083333E+00
              403  1.666667E+00  0.000000E+00  2.500000E+00
              404  2.000000E+00  2.500000E-01  2.500000E+00
              405  1.666667E+00  5.000000E-01  2.500000E+00
              406  2.000000E+00  7.500000E-01  0.000000E+00
              407  1.666667E+00  1.000000E+00  0.000000E+00
              408  2.000000E+00  1.000000E+00  4.166667E-01
              409  2.000000E+00  7.500000E-01  8.333333E-01
              410  1.666667E+00  1.000000E+00  8.333333E-01
              411  2.000000E+00  1.000000E+00  1.250000E+00
              412  2.000000E+00  7.500000E-01  1.666667E+00
              413  1.666667E+00  1.000000E+00  1.666667E+00
              414  2.000000E+00  1.000000E+00  2.083333E+00
              415  2.000000E+00  7.500000E-01  2.500000E+00
              416  1.666667E+00  1.000000E+00  2.500000E+00
              417  2.000000E+00  1.250000E+00  0.000000E+00
              418  1.666667E+00  1.500000E+00  0.000000E+00
              419  2.000000E+00  1.500000E+00  4.166667E-01
              420  2.000000E+00  1.250000E+00  8.333333E-01
              421  1.666667E+00  1.500000E+00  8.333333E-01
              422  2.000000E+00  1.500000E+00  1.250000E+00
              423  2.000000E+00  1.250000E+00  1.666667E+00
              424  1.666667E+00  1.500000E+00  1.666667E+00
              425  2.000000E+00  1.500000E+00  2.083333E+00
              426  2.000000E+00  1.250000E+00  2.500000E+00
              427  1.666667E+00  1.500000E+00  2.500000E+00
              428  2.000000E+00  1.750000E+00  0.000000E+00
              429  1.666667E+00  2.000000E+00  0.000000E+00
              430  2.000000E+00  2.000000E+00  4.166667E-01
              431  2.000000E+00  1.750000E+00  8.333333E-01
              432  1.666667E+00  2.000000E+00  8.333333E-01
              433  2.000000E+00  2.000000E+00  1.250000E+00
              434  2.000000E+00  1.750000E+00  1.666667E+00
              435  1.666667E+00  2.000000E+00  1.666667E+00
              436  2.000000E+00  2.000000E+00  2.083333E+00
              437  2.000000E+00  1.750000E+00  2.500000E+00
              438  1.666667E+00  2.000000E+00  2.500000E+00
              439  2.000000E+00  2.250000E+00  0.000000E+00
              440  1.666667E+00  2.500000E+00  0.000000E+00
              441  2.000000E+00  2.500000E+00  4.166667E-01
              442  2.000000E+00  2.250000E+00  8.333333E-01
              443  1.666667E+00  2.500000E+00  8.333333E-01
              444  2.000000E+00  2.500000E+00  1.250000E+00
              445  2.000000E+00  2.250000E+00  1.666667E+00
              446  1.666667E+00  2.500000E+00  1.666667E+00
              447  2.000000E+00  2.500000E+00  2.083333E+00
              448  2.000000E+00  2.250000E+00  2.500000E+00
              449  1.666667E+00  2.500000E+00  2.500000E+00
              450  2.000000E+00  2.750000E+00  0.000000E+00
              451  1.666667E+00  3.000000E+00  0.000000E+00
              452  2.000000E+00  3.000000E+00  4.166667E-01
              453  2.000000E+00  2.750000E+00  8.333333E-01
              454  1.666667E+00  3.000000E+00  8.333333E-01
              455  2.000000E+00  3.000000E+00  1.250000E+00
              456  2.000000E+00  2.750000E+00  1.666667E+00
              457  1.666667E+00  3.000000E+00  1.666667E+00
              458  2.000000E+00  3.000000E+00  2.083333E+00
              459  2.000000E+00  2.750000E+00  2.500000E+00
              460  1.666667E+00  3.000000E+00  2.500000E+00
              461  2.333333E+00  0.000000E+00  0.000000E+00
              462  2.666667E+00  2.500000E-01  0.000000E+00
              463  2.333333E+00  5.000000E-01  0.000000E+00
              464  2.666667E+00  0.000000E+00  4.166667E-01
              465  2.666667E+00  5.000000E-01  4.166667E-01
              466  2.333333E+00  0.000000E+00  8.333333E-01
              467  2.666667E+00  2.500000E-01  8.333333E-01
              468  2.333333E+00  5.000000E-01  8.333333E-01
              469  2.666667E+00  0.000000E+00  1.250000E+00
              470  2.666667E+00  5.000000E-01  1.250000E+00
              471  2.333333E+00  0.000000E+00  1.666667E+00
              472  2.666667E+00  2.500000E-01  1.666667E+00
              473  2.333333E+00  5.000000E-01  1.666667E+00
              474  2.666667E+00  0.000000E+00  2.083333E+00
              475  2.666667E+00  5.000000E-01  2.083333E+00
              476  2.333333E+00  0.000000E+00  2.500000E+00
              477  2.666667E+00  2.500000E-01  2.500000E+00
              478  2.333333E+00  5.000000E-01  2.500000E+00
              479  2.666667E+00  7.500000E-01  0.000000E+00
              480  2.333333E+00  1.000000E+00  0.000000E+00
              481  2.666667E+00  1.000000E+00  4.166667E-01
              482  2.666667E+00  7.500000E-01  8.333333E-01
              483  2.333333E+00  1.000000E+00  8.333333E-01
              484  2.666667E+00  1.000000E+00  1.250000E+00
              485  2.666667E+00  7.500000E-01  1.666667E+00
              486  2.333333E+00  1.000000E+00  1.666667E+00
              487  2.666667E+00  1.000000E+00  2.083333E+00
              488  2.666667E+00  7.500000E-01  2.500000E+00
              489  2.333333E+00  1.000000E+00  2.500000E+00
              490  2.666667E+00  1.250000E+00  0.000000E+00
              491  2.333333E+00  1.500000E+00  0.000000E+00
              492  2.666667E+00  1.500000E+00  4.166667E-01
              493  2.666667E+00  1.250000E+00  8.333333E-01
              494  2.333333E+00  1.500000E+00  8.333333E-01
              495  2.666667E+00  1.500000E+00  1.250000E+00
              496  2.666667E+00  1.250000E+00  1.666667E+00
              497  2.333333E+00  1.500000E+00  1.666667E+00
              498  2.666667E+00  1.500000E+00  2.083333E+00
              499  2.666667E+00  1.250000E+00  2.500000E+00
              500  2.333333E+00  1.500000E+00  2.500000E+00
              501  2.666667E+00  1.750000E+00  0.000000E+00
              502  2.333333E+00  2.000000E+00  0.000000E+00
              503  2.666667E+00  2.000000E+00  4.166667E-01
              504  2.666667E+00  1.750000E+00  8.333333E-01
              505  2.333333E+00  2.000000E+00  8.333333E-01
              506  2.666667E+00  2.000000E+00  1.250000E+00
              507  2.666667E+00  1.750000E+00  1.666667E+00
              508  2.333333E+00  2.000000E+00  1.666667E+00
              509  2.666667E+00  2.000000E+00  2.083333E+00
              510  2.666667E+00  1.750000E+00  2.500000E+00
              511  2.333333E+00  2.000000E+00  2.500000E+00
              512  2.666667E+00  2.250000E+00  0.000000E+00
              513  2.333333E+00  2.500000E+00  0.000000E+00
              514  2.666667E+00  2.500000E+00  4.166667E-01
              515  2.666667E+00  2.250000E+00  8.333333E-01
              516  2.333333E+00  2.500000E+00  8.333333E-01
              517  2.666667E+00  2.500000E+00  1.250000E+00
              518  2.666667E+00  2.250000E+00  1.666667E+00
              519  2.333333E+00  2.500000E+00  1.666667E+00
              520  2.666667E+00  2.500000E+00  2.083333E+00
              521  2.666667E+00  2.250000E+00  2.500000E+00
              522  2.333333E+00  2.500000E+00  2.500000E+00
              523  2.666667E+00  2.750000E+00  0.000000E+00
              524  2.333333E+00  3.000000E+00  0.000000E+00
              525  2.666667E+00  3.000000E+00  4.166667E-01
              526  2.666667E+00  2.750000E+00  8.333333E-01
              527  2.333333E+00  3.000000E+00  8.333333E-01
              528  2.666667E+00  3.000000E+00  1.250000E+00
              529  2.666667E+00  2.750000E+00  1.666667E+00
              530  2.333333E+00  3.000000E+00  1.666667E+00
              531  2.666667E+00  3.000000E+00  2.083333E+00
              532  2.666667E+00  2.750000E+00  2.500000E+00
              533  2.333333E+00  3.000000E+00  2.500000E+00
              534  3.000000E+00  0.000000E+00  0.000000E+00
              535  3.333333E+00  2.500000E-01  0.000000E+00
              536  3.000000E+00  5.000000E-01  0.000000E+00
              537  3.333333E+00  0.000000E+00  4.166667E-01
              538  3.333333E+00  5.000000E-01  4.166667E-01
              539  3.000000E+00  0.000000E+00  8.333333E-01
              540  3.333333E+00  2.500000E-01  8.333333E-01
              541  3.000000E+00  5.000000E-01  8.333333E-01
              542  3.333333E+00  0.000000E+00  1.250000E+00
              543  3.333333E+00  5.000000E-01  1.250000E+00
              544  3.000000E+00  0.000000E+00  1.666667E+00
              545  3.333333E+00  2.500000E-01  1.666667E+00
              546  3.000000E+00  5.000000E-01  1.666667E+00
              547  3.333333E+00  0.000000E+00  2.083333E+00
              548  3.333333E+00  5.000000E-01  2.083333E+00
              549  3.000000E+00  0.000000E+00  2.500000E+00
              550  3.333333E+00  2.500000E-01  2.500000E+00
              551  3.000000E+00  5.000000E-01  2.500000E+00
              552  3.333333E+00  7.500000E-01  0.000000E+00
              553  3.000000E+00  1.000000E+00  0.000000E+00
              554  3.333333E+00  1.000000E+00  4.166667E-01
              555  3.333333E+00  7.500000E-01  8.333333E-01
              556  3.000000E+00  1.000000E+00  8.333333E-01
              557  3.333333E+00  1.000000E+00  1.250000E+00
              558  3.333333E+00  7.500000E-01  1.666667E+00
              559  3.000000E+00  1.000000E+00  1.666667E+00
              560  3.333333E+00  1.000000E+00  2.083333E+00
              561  3.333333E+00  7.500000E-01  2.500000E+00
              562  3.000000E+00  1.000000E+00  2.500000E+00
              563  3.333333E+00  1.250000E+00  0.000000E+00
              564  3.000000E+00  1.500000E+00  0.000000E+00
              565  3.333333E+00  1.500000E+00  4.166667E-01
              566  3.333333E+00  1.250000E+00  8.333333E-01
              567  3.000000E+00  1.500000E+00  8.333333E-01
              568  3.333333E+00  1.500000E+00  1.250000E+00
              569  3.333333E+00  1.250000E+00  1.666667E+00
              570  3.000000E+00  1.500000E+00  1.666667E+00
              571  3.333333E+00  1.500000E+00  2.083333E+00
              572  3.333333E+00  1.250000E+00  2.500000E+00
              573  3.000000E+00  1.500000E+00  2.500000E+00
              574  3.333333E+00  1.750000E+00  0.000000E+00
              575  3.000000E+00  2.000000E+00  0.000000E+00
              576  3.333333E+00  2.000000E+00  4.166667E-01
              577  3.333333E+00  1.750000E+00  8.333333E-01
              578  3.000000E+00  2.000000E+00  8.333333E-01
              579  3.333333E+00  2.000000E+00  1.250000E+00
              580  3.333333E+00  1.750000E+00  1.666667E+00
              581  3.000000E+00  2.000000E+00  1.666667E+00
              582  3.333333E+00  2.000000E+00  2.083333E+00
              583  3.333333E+00  1.750000E+00  2.500000E+00
              584  3.000000E+00  2.000000E+00  2.500000E+00
              585  3.333333E+00  2.250000E+00  0.000000E+00
              586  3.000000E+00  2.500000E+00  0.000000E+00
              587  3.333333E+00  2.500000E+00  4.166667E-01
              588  3.333333E+00  2.250000E+00  8.333333E-01
              589  3.000000E+00  2.500000E+00  8.333333E-01
              590  3.333333E+00  2.500000E+00  1.250000E+00
              591  3.333333E+00  2.250000E+00  1.666667E+00
              592  3.000000E+00  2.500000E+00  1.666667E+00
              593  3.333333E+00  2.500000E+00  2.083333E+00
              594  3.333333E+00  2.250000E+00  2.500000E+00
              595  3.000000E+00  2.500000E+00  2.500000E+00
              596  3.333333E+00  2.750000E+00  0.000000E+00
              597  3.000000E+00  3.000000E+00  0.000000E+00
              598  3.333333E+00  3.000000E+00  4.166667E-01
              599  3.333333E+00  2.750000E+00  8.333333E-01
              600  3.000000E+00  3.000000E+00  8.333333E-01
              601  3.333333E+00  3.000000E+00  1.250000E+00
              602  3.333333E+00  2.750000E+00  1.666667E+00
              603  3.000000E+00  3.000000E+00  1.666667E+00
              604  3.333333E+00  3.000000E+00  2.083333E+00
              605  3.333333E+00  2.750000E+00  2.500000E+00
              606  3.000000E+00  3.000000E+00  2.500000E+00
              607  3.666667E+00  0.000000E+00  0.000000E+00
              608  4.000000E+00  2.500000E-01  0.000000E+00
              609  3.666667E+00  5.000000E-01  0.000000E+00
              610  4.000000E+00  0.000000E+00  4.166667E-01
              611  4.000000E+00  5.000000E-01  4.166667E-01
              612  3.666667E+00  0.000000E+00  8.333333E-01
              613  4.000000E+00  2.500000E-01  8.333333E-01
              614  3.666667E+00  5.000000E-01  8.333333E-01
              615  4.000000E+00  0.000000E+00  1.250000E+00
              616  4.000000E+00  5.000000E-01  1.250000E+00
              617  3.666667E+00  0.000000E+00  1.666667E+00
              618  4.000000E+00  2.500000E-01  1.666667E+00
              619  3.666667E+00  5.000000E-01  1.666667E+00
              620  4.000000E+00  0.000000E+00  2.083333E+00
              621  4.000000E+00  5.000000E-01  2.083333E+00
              622  3.666667E+00  0.000000E+00  2.500000E+00
              623  4.000000E+00  2.500000E-01  2.500000E+00
              624  3.666667E+00  5.000000E-01  2.500000E+00
              625  4.000000E+00  7.500000E-01  0.000000E+00
              626  3.666667E+00  1.000000E+00  0.000000E+00
              627  4.000000E+00  1.000000E+00  4.166667E-01
              628  4.000000E+00  7.500000E-01  8.333333E-01
              629  3.666667E+00  1.000000E+00  8.333333E-01
              630  4.000000E+00  1.000000E+00  1.250000E+00
              631  4.000000E+00  7.500000E-01  1.666667E+00
              632  3.666667E+00  1.000000E+00  1.666667E+00
              633  4.000000E+00  1.000000E+00  2.083333E+00
              634  4.000000E+00  7.500000E-01  2.500000E+00
              635  3.666667E+00  1.000000E+00  2.500000E+00
              636  4.000000E+00  1.250000E+00  0.000000E+00
              637  3.666667E+00  1.500000E+00  0.000000E+00
              638  4.000000E+00  1.500000E+00  4.166667E-01
              639  4.000000E+00  1.250000E+00  8.333333E-01
              640  3.666667E+00  1.500000E+00  8.333333E-01
              641  4.000000E+00  1.500000E+00  1.250000E+00
              642  4.000000E+00  1.250000E+00  1.666667E+00
              643  3.666667E+00  1.500000E+00  1.666667E+00
              644  4.000000E+00  1.500000E+00  2.083333E+00
              645  4.000000E+00  1.250000E+00  2.500000E+00
              646  3.666667E+00  1.500000E+00  2.500000E+00
              647  4.000000E+00  1.750000E+00  0.000000E+00
              648  3.666667E+00  2.000000E+00  0.000000E+00
              649  4.000000E+00  2.000000E+00  4.166667E-01
              650  4.000000E+00  1.750000E+00  8.333333E-01
              651  3.666667E+00  2.000000E+00  8.333333E-01
              652  4.000000E+00  2.000000E+00  1.250000E+00
              653  4.000000E+00  1.750000E+00  1.666667E+00
              654  3.666667E+00  2.000000E+00  1.666667E+00
              655  4.000000E+00  2.000000E+00  2.083333E+00
              656  4.000000E+00  1.750000E+00  2.500000E+00
              657  3.666667E+00  2.000000E+00  2.500000E+00
              658  4.000000E+00  2.250000E+00  0.000000E+00
              659  3.666667E+00  2.500000E+00  0.000000E+00
              660  4.000000E+00  2.500000E+00  4.166667E-01
              661  4.000000E+00  2.250000E+00  8.333333E-01
              662  3.666667E+00  2.500000E+00  8.333333E-01
              663  4.000000E+00  2.500000E+00  1.250000E+00
              664  4.000000E+00  2.250000E+00  1.666667E+00
              665  3.666667E+00  2.500000E+00  1.666667E+00
              666  4.000000E+00  2.500000E+00  2.083333E+00
              667  4.000000E+00  2.250000E+00  2.500000E+00
              668  3.666667E+00  2.500000E+00  2.500000E+00
              669  4.000000E+00  2.750000E+00  0.000000E+00
              670  3.666667E+00  3.000000E+00  0.000000E+00
              671  4.000000E+00  3.000000E+00  4.166667E-01
              672  4.000000E+00  2.750000E+00  8.333333E-01
              673  3.666667E+00  3.000000E+00  8.333333E-01
              674  4.000000E+00  3.000000E+00  1.250000E+00
              675  4.000000E+00  2.750000E+00  1.666667E+00
              676  3.666667E+00  3.000000E+00  1.666667E+00
              677  4.000000E+00  3.000000E+00  2.083333E+00
              678  4.000000E+00  2.750000E+00  2.500000E+00
              679  3.666667E+00  3.000000E+00  2.500000E+00
!
      $PART  NAME = VOLUME1
       VOLUME1
!
   $END STRUCTURE
!------
   $SYSTEM  NAME = S_STEP_1
!
   $END SYSTEM
!------
   $CONSTRAINTS  NAME = C_STEP_1
!
   $END CONSTRAINTS
!------
$EXIT COMPONENT
!------------------------------------
$FIN
