$ENTER COMPONENT  NAME = DFLT_COMP  DOFTYPE = DISP MATH
!------
   $STRUCTURE
!
      $ELEMENT TYPE = BECOS
                1          1          2
                2          2          3
                3          3          4
                4          4          5
                5          5          6
                6          6          7
                7          7          8
                8          8          9
                9          9         10
               10         10         11
               11         11         12
               12         12         13
               13         13         14
               14         14         15
               15         15         16
               16         16         17
               17         17         18
               18         18         19
               19         19         20
               20         20         21
!
      $ESET NAME = PART_1
                1          2          3          4          5          6          7          8          9         10         11         12         13         14
               15         16         17         18         19         20
!
      $COOR
                1  0.000000E+00  0.000000E+00  0.000000E+00
                2  1.000000E+00  2.400000E-02  0.000000E+00
                3  2.000000E+00  4.800000E-02  0.000000E+00
                4  3.000000E+00  7.200000E-02  0.000000E+00
                5  4.000000E+00  9.600000E-02  0.000000E+00
                6  5.000000E+00  1.200000E-01  0.000000E+00
                7  6.000000E+00  1.440000E-01  0.000000E+00
                8  7.000000E+00  1.680000E-01  0.000000E+00
                9  8.000000E+00  1.920000E-01  0.000000E+00
               10  9.000000E+00  2.160000E-01  0.000000E+00
               11  1.000000E+01  2.400000E-01  0.000000E+00
               12  1.100000E+01  2.160000E-01  0.000000E+00
               13  1.200000E+01  1.920000E-01  0.000000E+00
               14  1.300000E+01  1.680000E-01  0.000000E+00
               15  1.400000E+01  1.440000E-01  0.000000E+00
               16  1.500000E+01  1.200000E-01  0.000000E+00
               17  1.600000E+01  9.600000E-02  0.000000E+00
               18  1.700000E+01  7.200000E-02  0.000000E+00
               19  1.800000E+01  4.800000E-02  0.000000E+00
               20  1.900000E+01  2.400000E-02  0.000000E+00
               21  2.000000E+01  0.000000E+00  0.000000E+00
!
      $PART  NAME = PART_1
       PART_1
!
   $END STRUCTURE
!------
$EXIT COMPONENT
!------------------------------------
$FIN
