$ENTER COMPONENT  NAME = DFLT_COMP  DOFTYPE = DISP MATH
!------
   $SITUATION  NAME = STEP_1
      DFLT_COMP  CONSTRAINTS = C_STEP_1  SYSTEM = S_STEP_1  LOADING = L_STEP_1
   $END SITUATION
!
   $STRUCTURE
!
      $ELEMENT TYPE = QUAD4
                1          1         50        119         17
                2         50         49        120        119
                3         49         48        121        120
                4         48         47        122        121
                5         47         46        123        122
                6         46          5         45        123
                7         17        119        124         18
                8        119        120        125        124
                9        120        121        126        125
               10        121        122        127        126
               11        122        123        128        127
               12        123         45         44        128
               13         18        124        129         19
               14        124        125        130        129
               15        125        126        131        130
               16        126        127        132        131
               17        127        128        133        132
               18        128         44         43        133
               19         19        129        134         20
               20        129        130        135        134
               21        130        131        136        135
               22        131        132        137        136
               23        132        133        138        137
               24        133         43         42        138
               25         20        134         55          2
               26        134        135         54         55
               27        135        136         53         54
               28        136        137         52         53
               29        137        138         51         52
               30        138         42          6         51
               31          2         55        139         21
               32         55         54        140        139
               33         54         53        141        140
               34         53         52        142        141
               35         52         51        143        142
               36         51          6         41        143
               37         21        139        144         22
               38        139        140        145        144
               39        140        141        146        145
               40        141        142        147        146
               41        142        143        148        147
               42        143         41         40        148
               43         22        144        149         23
               44        144        145        150        149
               45        145        146        151        150
               46        146        147        152        151
               47        147        148        153        152
               48        148         40         39        153
               49         23        149        154         24
               50        149        150        155        154
               51        150        151        156        155
               52        151        152        157        156
               53        152        153        158        157
               54        153         39         38        158
               55         24        154         56          3
               56        154        155         57         56
               57        155        156         58         57
               58        156        157         59         58
               59        157        158         60         59
               60        158         38          7         60
               61          3         56        159         25
               62         56         57        160        159
               63         57         58        161        160
               64         58         59        162        161
               65         59         60        163        162
               66         60          7         37        163
               67         25        159        164         26
               68        159        160        165        164
               69        160        161        166        165
               70        161        162        167        166
               71        162        163        168        167
               72        163         37         36        168
               73         26        164        169         27
               74        164        165        170        169
               75        165        166        171        170
               76        166        167        172        171
               77        167        168        173        172
               78        168         36         35        173
               79         27        169        174         28
               80        169        170        175        174
               81        170        171        176        175
               82        171        172        177        176
               83        172        173        178        177
               84        173         35         34        178
               85         28        174         29          4
               86        174        175         30         29
               87        175        176         31         30
               88        176        177         32         31
               89        177        178         33         32
               90        178         34          8         33
               91          9         61        179        106
               92        106        179        180        105
               93        105        180        181        104
               94        104        181        182        103
               95        103        182        183        102
               96        102        183        101         13
               97         61         62        184        179
               98        179        184        185        180
               99        180        185        186        181
              100        181        186        187        182
              101        182        187        188        183
              102        183        188        100        101
              103         62         63        189        184
              104        184        189        190        185
              105        185        190        191        186
              106        186        191        192        187
              107        187        192        193        188
              108        188        193         99        100
              109         63         64        194        189
              110        189        194        195        190
              111        190        195        196        191
              112        191        196        197        192
              113        192        197        198        193
              114        193        198         98         99
              115         64         10        107        194
              116        194        107        108        195
              117        195        108        109        196
              118        196        109        110        197
              119        197        110        111        198
              120        198        111         14         98
              121         10         67        199        107
              122        107        199        200        108
              123        108        200        201        109
              124        109        201        202        110
              125        110        202        203        111
              126        111        203         95         14
              127         67         68        204        199
              128        199        204        205        200
              129        200        205        206        201
              130        201        206        207        202
              131        202        207        208        203
              132        203        208         94         95
              133         68         69        209        204
              134        204        209        210        205
              135        205        210        211        206
              136        206        211        212        207
              137        207        212        213        208
              138        208        213         93         94
              139         69         70        214        209
              140        209        214        215        210
              141        210        215        216        211
              142        211        216        217        212
              143        212        217        218        213
              144        213        218         92         93
              145         70         11        112        214
              146        214        112        113        215
              147        215        113        114        216
              148        216        114        115        217
              149        217        115        116        218
              150        218        116         15         92
              151         11         73        219        112
              152        112        219        220        113
              153        113        220        221        114
              154        114        221        222        115
              155        115        222        223        116
              156        116        223         89         15
              157         73         74        224        219
              158        219        224        225        220
              159        220        225        226        221
              160        221        226        227        222
              161        222        227        228        223
              162        223        228         88         89
              163         74         75        229        224
              164        224        229        230        225
              165        225        230        231        226
              166        226        231        232        227
              167        227        232        233        228
              168        228        233         87         88
              169         75         76        234        229
              170        229        234        235        230
              171        230        235        236        231
              172        231        236        237        232
              173        232        237        238        233
              174        233        238         86         87
              175         76         12         79        234
              176        234         79         80        235
              177        235         80         81        236
              178        236         81         82        237
              179        237         82         83        238
              180        238         83         16         86
              181          4         29        239         78
              182         78        239        240         77
              183         77        240         79         12
              184         29         30        241        239
              185        239        241        242        240
              186        240        242         80         79
              187         30         31        243        241
              188        241        243        244        242
              189        242        244         81         80
              190         31         32        245        243
              191        243        245        246        244
              192        244        246         82         81
              193         32         33        247        245
              194        245        247        248        246
              195        246        248         83         82
              196         33          8         85        247
              197        247         85         84        248
              198        248         84         16         83
              199          8         34        249         85
              200         85        249        250         84
              201         84        250         86         16
              202         34         35        251        249
              203        249        251        252        250
              204        250        252         87         86
              205         35         36        253        251
              206        251        253        254        252
              207        252        254         88         87
              208         36         37        255        253
              209        253        255        256        254
              210        254        256         89         88
              211         37          7         91        255
              212        255         91         90        256
              213        256         90         15         89
              214          7         38        257         91
              215         91        257        258         90
              216         90        258         92         15
              217         38         39        259        257
              218        257        259        260        258
              219        258        260         93         92
              220         39         40        261        259
              221        259        261        262        260
              222        260        262         94         93
              223         40         41        263        261
              224        261        263        264        262
              225        262        264         95         94
              226         41          6         97        263
              227        263         97         96        264
              228        264         96         14         95
              229          6         42        265         97
              230         97        265        266         96
              231         96        266         98         14
              232         42         43        267        265
              233        265        267        268        266
              234        266        268         99         98
              235         43         44        269        267
              236        267        269        270        268
              237        268        270        100         99
              238         44         45        271        269
              239        269        271        272        270
              240        270        272        101        100
              241         45          5        117        271
              242        271        117        118        272
              243        272        118         13        101
              244          2         55        273         66
              245         66        273        274         65
              246         65        274        107         10
              247         55         54        275        273
              248        273        275        276        274
              249        274        276        108        107
              250         54         53        277        275
              251        275        277        278        276
              252        276        278        109        108
              253         53         52        279        277
              254        277        279        280        278
              255        278        280        110        109
              256         52         51        281        279
              257        279        281        282        280
              258        280        282        111        110
              259         51          6         97        281
              260        281         97         96        282
              261        282         96         14        111
              262          3         56        283         72
              263         72        283        284         71
              264         71        284        112         11
              265         56         57        285        283
              266        283        285        286        284
              267        284        286        113        112
              268         57         58        287        285
              269        285        287        288        286
              270        286        288        114        113
              271         58         59        289        287
              272        287        289        290        288
              273        288        290        115        114
              274         59         60        291        289
              275        289        291        292        290
              276        290        292        116        115
              277         60          7         91        291
              278        291         91         90        292
              279        292         90         15        116
!
      $NSET NAME = ABA_NALL_INP
                1          2          3          4          5          6          7          8          9         10         11         12         13         14
               15         16         17         18         19         20         21         22         23         24         25         26         27         28
               29         30         31         32         33         34         35         36         37         38         39         40         41         42
               43         44         45         46         47         48         49         50         51         52         53         54         55         56
               57         58         59         60         61         62         63         64         65         66         67         68         69         70
               71         72         73         74         75         76         77         78         79         80         81         82         83         84
               85         86         87         88         89         90         91         92         93         94         95         96         97         98
               99        100        101        102        103        104        105        106        107        108        109        110        111        112
              113        114        115        116        117        118        119        120        121        122        123        124        125        126
              127        128        129        130        131        132        133        134        135        136        137        138        139        140
              141        142        143        144        145        146        147        148        149        150        151        152        153        154
              155        156        157        158        159        160        161        162        163        164        165        166        167        168
              169        170        171        172        173        174        175        176        177        178        179        180        181        182
              183        184        185        186        187        188        189        190        191        192        193        194        195        196
              197        198        199        200        201        202        203        204        205        206        207        208        209        210
              211        212        213        214        215        216        217        218        219        220        221        222        223        224
              225        226        227        228        229        230        231        232        233        234        235        236        237        238
              239        240        241        242        243        244        245        246        247        248        249        250        251        252
              253        254        255        256        257        258        259        260        261        262        263        264        265        266
              267        268        269        270        271        272        273        274        275        276        277        278        279        280
              281        282        283        284        285        286        287        288        289        290        291        292
      $ESET NAME = BOXBEAM
                1          2          3          4          5          6          7          8          9         10         11         12         13         14
               15         16         17         18         19         20         21         22         23         24         25         26         27         28
               29         30         31         32         33         34         35         36         37         38         39         40         41         42
               43         44         45         46         47         48         49         50         51         52         53         54         55         56
               57         58         59         60         61         62         63         64         65         66         67         68         69         70
               71         72         73         74         75         76         77         78         79         80         81         82         83         84
               85         86         87         88         89         90         91         92         93         94         95         96         97         98
               99        100        101        102        103        104        105        106        107        108        109        110        111        112
              113        114        115        116        117        118        119        120        121        122        123        124        125        126
              127        128        129        130        131        132        133        134        135        136        137        138        139        140
              141        142        143        144        145        146        147        148        149        150        151        152        153        154
              155        156        157        158        159        160        161        162        163        164        165        166        167        168
              169        170        171        172        173        174        175        176        177        178        179        180        181        182
              183        184        185        186        187        188        189        190        191        192        193        194        195        196
              197        198        199        200        201        202        203        204        205        206        207        208        209        210
              211        212        213        214        215        216        217        218        219        220        221        222        223        224
              225        226        227        228        229        230        231        232        233        234        235        236        237        238
              239        240        241        242        243        244        245        246        247        248        249        250        251        252
              253        254        255        256        257        258        259        260        261        262        263        264        265        266
              267        268        269        270        271        272        273        274        275        276        277        278        279
      $ESET NAME = SURFACE1
                1          2          3          4          5          6          7          8          9         10         11         12         13         14
               15         16         17         18         19         20         21         22         23         24         25         26         27         28
               29         30
      $ESET NAME = SURFACE2
               31         32         33         34         35         36         37         38         39         40         41         42         43         44
               45         46         47         48         49         50         51         52         53         54         55         56         57         58
               59         60
      $ESET NAME = SURFACE3
               61         62         63         64         65         66         67         68         69         70         71         72         73         74
               75         76         77         78         79         80         81         82         83         84         85         86         87         88
               89         90
      $ESET NAME = SURFACE4
               91         92         93         94         95         96         97         98         99        100        101        102        103        104
              105        106        107        108        109        110        111        112        113        114        115        116        117        118
              119        120
      $ESET NAME = SURFACE5
              121        122        123        124        125        126        127        128        129        130        131        132        133        134
              135        136        137        138        139        140        141        142        143        144        145        146        147        148
              149        150
      $ESET NAME = SURFACE6
              151        152        153        154        155        156        157        158        159        160        161        162        163        164
              165        166        167        168        169        170        171        172        173        174        175        176        177        178
              179        180
      $ESET NAME = SURFACE7
              181        182        183        184        185        186        187        188        189        190        191        192        193        194
              195        196        197        198
      $ESET NAME = SURFACE8
              199        200        201        202        203        204        205        206        207        208        209        210        211        212
              213
      $ESET NAME = SURFACE9
              214        215        216        217        218        219        220        221        222        223        224        225        226        227
              228
      $ESET NAME = SURFACE10
              229        230        231        232        233        234        235        236        237        238        239        240        241        242
              243
      $ESET NAME = SURFACE11
              244        245        246        247        248        249        250        251        252        253        254        255        256        257
              258        259        260        261
      $ESET NAME = SURFACE12
              262        263        264        265        266        267        268        269        270        271        272        273        274        275
              276        277        278        279
!
      $COOR
                1  0.000000E+00  0.000000E+00  0.000000E+00
                2  5.000000E-01  0.000000E+00  0.000000E+00
                3  1.000000E+00  0.000000E+00  0.000000E+00
                4  1.500000E+00  0.000000E+00  0.000000E+00
                5  0.000000E+00  2.000000E-01  0.000000E+00
                6  5.000000E-01  2.000000E-01  0.000000E+00
                7  1.000000E+00  2.000000E-01  0.000000E+00
                8  1.500000E+00  2.000000E-01  0.000000E+00
                9  0.000000E+00  0.000000E+00  1.000000E-01
               10  5.000000E-01  0.000000E+00  1.000000E-01
               11  1.000000E+00  0.000000E+00  1.000000E-01
               12  1.500000E+00  0.000000E+00  1.000000E-01
               13  0.000000E+00  2.000000E-01  1.000000E-01
               14  5.000000E-01  2.000000E-01  1.000000E-01
               15  1.000000E+00  2.000000E-01  1.000000E-01
               16  1.500000E+00  2.000000E-01  1.000000E-01
               17  1.000000E-01  0.000000E+00  0.000000E+00
               18  2.000000E-01  0.000000E+00  0.000000E+00
               19  3.000000E-01  0.000000E+00  0.000000E+00
               20  4.000000E-01  0.000000E+00  0.000000E+00
               21  6.000000E-01  0.000000E+00  0.000000E+00
               22  7.000000E-01  0.000000E+00  0.000000E+00
               23  8.000000E-01  0.000000E+00  0.000000E+00
               24  9.000000E-01  0.000000E+00  0.000000E+00
               25  1.100000E+00  0.000000E+00  0.000000E+00
               26  1.200000E+00  0.000000E+00  0.000000E+00
               27  1.300000E+00  0.000000E+00  0.000000E+00
               28  1.400000E+00  0.000000E+00  0.000000E+00
               29  1.500000E+00  3.333334E-02  0.000000E+00
               30  1.500000E+00  6.666667E-02  0.000000E+00
               31  1.500000E+00  1.000000E-01  0.000000E+00
               32  1.500000E+00  1.333333E-01  0.000000E+00
               33  1.500000E+00  1.666667E-01  0.000000E+00
               34  1.400000E+00  2.000000E-01  0.000000E+00
               35  1.300000E+00  2.000000E-01  0.000000E+00
               36  1.200000E+00  2.000000E-01  0.000000E+00
               37  1.100000E+00  2.000000E-01  0.000000E+00
               38  9.000000E-01  2.000000E-01  0.000000E+00
               39  8.000000E-01  2.000000E-01  0.000000E+00
               40  7.000000E-01  2.000000E-01  0.000000E+00
               41  6.000000E-01  2.000000E-01  0.000000E+00
               42  4.000000E-01  2.000000E-01  0.000000E+00
               43  3.000000E-01  2.000000E-01  0.000000E+00
               44  2.000000E-01  2.000000E-01  0.000000E+00
               45  1.000000E-01  2.000000E-01  0.000000E+00
               46  0.000000E+00  1.666667E-01  0.000000E+00
               47  0.000000E+00  1.333333E-01  0.000000E+00
               48  0.000000E+00  1.000000E-01  0.000000E+00
               49  0.000000E+00  6.666667E-02  0.000000E+00
               50  0.000000E+00  3.333334E-02  0.000000E+00
               51  5.000000E-01  1.666667E-01  0.000000E+00
               52  5.000000E-01  1.333333E-01  0.000000E+00
               53  5.000000E-01  1.000000E-01  0.000000E+00
               54  5.000000E-01  6.666667E-02  0.000000E+00
               55  5.000000E-01  3.333334E-02  0.000000E+00
               56  1.000000E+00  3.333334E-02  0.000000E+00
               57  1.000000E+00  6.666667E-02  0.000000E+00
               58  1.000000E+00  1.000000E-01  0.000000E+00
               59  1.000000E+00  1.333333E-01  0.000000E+00
               60  1.000000E+00  1.666667E-01  0.000000E+00
               61  1.000000E-01  0.000000E+00  1.000000E-01
               62  2.000000E-01  0.000000E+00  1.000000E-01
               63  3.000000E-01  0.000000E+00  1.000000E-01
               64  4.000000E-01  0.000000E+00  1.000000E-01
               65  5.000000E-01  0.000000E+00  6.666667E-02
               66  5.000000E-01  0.000000E+00  3.333334E-02
               67  6.000000E-01  0.000000E+00  1.000000E-01
               68  7.000000E-01  0.000000E+00  1.000000E-01
               69  8.000000E-01  0.000000E+00  1.000000E-01
               70  9.000000E-01  0.000000E+00  1.000000E-01
               71  1.000000E+00  0.000000E+00  6.666667E-02
               72  1.000000E+00  0.000000E+00  3.333334E-02
               73  1.100000E+00  0.000000E+00  1.000000E-01
               74  1.200000E+00  0.000000E+00  1.000000E-01
               75  1.300000E+00  0.000000E+00  1.000000E-01
               76  1.400000E+00  0.000000E+00  1.000000E-01
               77  1.500000E+00  0.000000E+00  6.666667E-02
               78  1.500000E+00  0.000000E+00  3.333334E-02
               79  1.500000E+00  3.333334E-02  1.000000E-01
               80  1.500000E+00  6.666667E-02  1.000000E-01
               81  1.500000E+00  1.000000E-01  1.000000E-01
               82  1.500000E+00  1.333333E-01  1.000000E-01
               83  1.500000E+00  1.666667E-01  1.000000E-01
               84  1.500000E+00  2.000000E-01  6.666667E-02
               85  1.500000E+00  2.000000E-01  3.333334E-02
               86  1.400000E+00  2.000000E-01  1.000000E-01
               87  1.300000E+00  2.000000E-01  1.000000E-01
               88  1.200000E+00  2.000000E-01  1.000000E-01
               89  1.100000E+00  2.000000E-01  1.000000E-01
               90  1.000000E+00  2.000000E-01  6.666667E-02
               91  1.000000E+00  2.000000E-01  3.333334E-02
               92  9.000000E-01  2.000000E-01  1.000000E-01
               93  8.000000E-01  2.000000E-01  1.000000E-01
               94  7.000000E-01  2.000000E-01  1.000000E-01
               95  6.000000E-01  2.000000E-01  1.000000E-01
               96  5.000000E-01  2.000000E-01  6.666667E-02
               97  5.000000E-01  2.000000E-01  3.333334E-02
               98  4.000000E-01  2.000000E-01  1.000000E-01
               99  3.000000E-01  2.000000E-01  1.000000E-01
              100  2.000000E-01  2.000000E-01  1.000000E-01
              101  1.000000E-01  2.000000E-01  1.000000E-01
              102  0.000000E+00  1.666667E-01  1.000000E-01
              103  0.000000E+00  1.333333E-01  1.000000E-01
              104  0.000000E+00  1.000000E-01  1.000000E-01
              105  0.000000E+00  6.666667E-02  1.000000E-01
              106  0.000000E+00  3.333334E-02  1.000000E-01
              107  5.000000E-01  3.333334E-02  1.000000E-01
              108  5.000000E-01  6.666667E-02  1.000000E-01
              109  5.000000E-01  1.000000E-01  1.000000E-01
              110  5.000000E-01  1.333333E-01  1.000000E-01
              111  5.000000E-01  1.666667E-01  1.000000E-01
              112  1.000000E+00  3.333334E-02  1.000000E-01
              113  1.000000E+00  6.666667E-02  1.000000E-01
              114  1.000000E+00  1.000000E-01  1.000000E-01
              115  1.000000E+00  1.333333E-01  1.000000E-01
              116  1.000000E+00  1.666667E-01  1.000000E-01
              117  0.000000E+00  2.000000E-01  3.333334E-02
              118  0.000000E+00  2.000000E-01  6.666667E-02
              119  1.000000E-01  3.333334E-02  0.000000E+00
              120  1.000000E-01  6.666667E-02  0.000000E+00
              121  1.000000E-01  1.000000E-01  0.000000E+00
              122  1.000000E-01  1.333333E-01  0.000000E+00
              123  1.000000E-01  1.666667E-01  0.000000E+00
              124  2.000000E-01  3.333334E-02  0.000000E+00
              125  2.000000E-01  6.666667E-02  0.000000E+00
              126  2.000000E-01  1.000000E-01  0.000000E+00
              127  2.000000E-01  1.333333E-01  0.000000E+00
              128  2.000000E-01  1.666667E-01  0.000000E+00
              129  3.000000E-01  3.333334E-02  0.000000E+00
              130  3.000000E-01  6.666667E-02  0.000000E+00
              131  3.000000E-01  1.000000E-01  0.000000E+00
              132  3.000000E-01  1.333333E-01  0.000000E+00
              133  3.000000E-01  1.666667E-01  0.000000E+00
              134  4.000000E-01  3.333334E-02  0.000000E+00
              135  4.000000E-01  6.666667E-02  0.000000E+00
              136  4.000000E-01  1.000000E-01  0.000000E+00
              137  4.000000E-01  1.333333E-01  0.000000E+00
              138  4.000000E-01  1.666667E-01  0.000000E+00
              139  6.000000E-01  3.333334E-02  0.000000E+00
              140  6.000000E-01  6.666667E-02  0.000000E+00
              141  6.000000E-01  1.000000E-01  0.000000E+00
              142  6.000000E-01  1.333333E-01  0.000000E+00
              143  6.000000E-01  1.666667E-01  0.000000E+00
              144  7.000000E-01  3.333334E-02  0.000000E+00
              145  7.000000E-01  6.666667E-02  0.000000E+00
              146  7.000000E-01  1.000000E-01  0.000000E+00
              147  7.000000E-01  1.333333E-01  0.000000E+00
              148  7.000000E-01  1.666667E-01  0.000000E+00
              149  8.000000E-01  3.333334E-02  0.000000E+00
              150  8.000000E-01  6.666667E-02  0.000000E+00
              151  8.000000E-01  1.000000E-01  0.000000E+00
              152  8.000000E-01  1.333333E-01  0.000000E+00
              153  8.000000E-01  1.666667E-01  0.000000E+00
              154  9.000000E-01  3.333334E-02  0.000000E+00
              155  9.000000E-01  6.666667E-02  0.000000E+00
              156  9.000000E-01  1.000000E-01  0.000000E+00
              157  9.000000E-01  1.333333E-01  0.000000E+00
              158  9.000000E-01  1.666667E-01  0.000000E+00
              159  1.100000E+00  3.333334E-02  0.000000E+00
              160  1.100000E+00  6.666667E-02  0.000000E+00
              161  1.100000E+00  1.000000E-01  0.000000E+00
              162  1.100000E+00  1.333333E-01  0.000000E+00
              163  1.100000E+00  1.666667E-01  0.000000E+00
              164  1.200000E+00  3.333334E-02  0.000000E+00
              165  1.200000E+00  6.666667E-02  0.000000E+00
              166  1.200000E+00  1.000000E-01  0.000000E+00
              167  1.200000E+00  1.333333E-01  0.000000E+00
              168  1.200000E+00  1.666667E-01  0.000000E+00
              169  1.300000E+00  3.333334E-02  0.000000E+00
              170  1.300000E+00  6.666667E-02  0.000000E+00
              171  1.300000E+00  1.000000E-01  0.000000E+00
              172  1.300000E+00  1.333333E-01  0.000000E+00
              173  1.300000E+00  1.666667E-01  0.000000E+00
              174  1.400000E+00  3.333334E-02  0.000000E+00
              175  1.400000E+00  6.666667E-02  0.000000E+00
              176  1.400000E+00  1.000000E-01  0.000000E+00
              177  1.400000E+00  1.333333E-01  0.000000E+00
              178  1.400000E+00  1.666667E-01  0.000000E+00
              179  1.000000E-01  3.333334E-02  1.000000E-01
              180  1.000000E-01  6.666667E-02  1.000000E-01
              181  1.000000E-01  1.000000E-01  1.000000E-01
              182  1.000000E-01  1.333333E-01  1.000000E-01
              183  1.000000E-01  1.666667E-01  1.000000E-01
              184  2.000000E-01  3.333334E-02  1.000000E-01
              185  2.000000E-01  6.666667E-02  1.000000E-01
              186  2.000000E-01  1.000000E-01  1.000000E-01
              187  2.000000E-01  1.333333E-01  1.000000E-01
              188  2.000000E-01  1.666667E-01  1.000000E-01
              189  3.000000E-01  3.333334E-02  1.000000E-01
              190  3.000000E-01  6.666667E-02  1.000000E-01
              191  3.000000E-01  1.000000E-01  1.000000E-01
              192  3.000000E-01  1.333333E-01  1.000000E-01
              193  3.000000E-01  1.666667E-01  1.000000E-01
              194  4.000000E-01  3.333334E-02  1.000000E-01
              195  4.000000E-01  6.666667E-02  1.000000E-01
              196  4.000000E-01  1.000000E-01  1.000000E-01
              197  4.000000E-01  1.333333E-01  1.000000E-01
              198  4.000000E-01  1.666667E-01  1.000000E-01
              199  6.000000E-01  3.333334E-02  1.000000E-01
              200  6.000000E-01  6.666667E-02  1.000000E-01
              201  6.000000E-01  1.000000E-01  1.000000E-01
              202  6.000000E-01  1.333333E-01  1.000000E-01
              203  6.000000E-01  1.666667E-01  1.000000E-01
              204  7.000000E-01  3.333334E-02  1.000000E-01
              205  7.000000E-01  6.666667E-02  1.000000E-01
              206  7.000000E-01  1.000000E-01  1.000000E-01
              207  7.000000E-01  1.333333E-01  1.000000E-01
              208  7.000000E-01  1.666667E-01  1.000000E-01
              209  8.000000E-01  3.333334E-02  1.000000E-01
              210  8.000000E-01  6.666667E-02  1.000000E-01
              211  8.000000E-01  1.000000E-01  1.000000E-01
              212  8.000000E-01  1.333333E-01  1.000000E-01
              213  8.000000E-01  1.666667E-01  1.000000E-01
              214  9.000000E-01  3.333334E-02  1.000000E-01
              215  9.000000E-01  6.666667E-02  1.000000E-01
              216  9.000000E-01  1.000000E-01  1.000000E-01
              217  9.000000E-01  1.333333E-01  1.000000E-01
              218  9.000000E-01  1.666667E-01  1.000000E-01
              219  1.100000E+00  3.333334E-02  1.000000E-01
              220  1.100000E+00  6.666667E-02  1.000000E-01
              221  1.100000E+00  1.000000E-01  1.000000E-01
              222  1.100000E+00  1.333333E-01  1.000000E-01
              223  1.100000E+00  1.666667E-01  1.000000E-01
              224  1.200000E+00  3.333334E-02  1.000000E-01
              225  1.200000E+00  6.666667E-02  1.000000E-01
              226  1.200000E+00  1.000000E-01  1.000000E-01
              227  1.200000E+00  1.333333E-01  1.000000E-01
              228  1.200000E+00  1.666667E-01  1.000000E-01
              229  1.300000E+00  3.333334E-02  1.000000E-01
              230  1.300000E+00  6.666667E-02  1.000000E-01
              231  1.300000E+00  1.000000E-01  1.000000E-01
              232  1.300000E+00  1.333333E-01  1.000000E-01
              233  1.300000E+00  1.666667E-01  1.000000E-01
              234  1.400000E+00  3.333334E-02  1.000000E-01
              235  1.400000E+00  6.666667E-02  1.000000E-01
              236  1.400000E+00  1.000000E-01  1.000000E-01
              237  1.400000E+00  1.333333E-01  1.000000E-01
              238  1.400000E+00  1.666667E-01  1.000000E-01
              239  1.500000E+00  3.333334E-02  3.333334E-02
              240  1.500000E+00  3.333334E-02  6.666667E-02
              241  1.500000E+00  6.666667E-02  3.333334E-02
              242  1.500000E+00  6.666667E-02  6.666667E-02
              243  1.500000E+00  1.000000E-01  3.333334E-02
              244  1.500000E+00  1.000000E-01  6.666667E-02
              245  1.500000E+00  1.333333E-01  3.333334E-02
              246  1.500000E+00  1.333333E-01  6.666667E-02
              247  1.500000E+00  1.666667E-01  3.333334E-02
              248  1.500000E+00  1.666667E-01  6.666667E-02
              249  1.400000E+00  2.000000E-01  3.333334E-02
              250  1.400000E+00  2.000000E-01  6.666667E-02
              251  1.300000E+00  2.000000E-01  3.333334E-02
              252  1.300000E+00  2.000000E-01  6.666667E-02
              253  1.200000E+00  2.000000E-01  3.333334E-02
              254  1.200000E+00  2.000000E-01  6.666667E-02
              255  1.100000E+00  2.000000E-01  3.333334E-02
              256  1.100000E+00  2.000000E-01  6.666667E-02
              257  9.000000E-01  2.000000E-01  3.333334E-02
              258  9.000000E-01  2.000000E-01  6.666667E-02
              259  8.000000E-01  2.000000E-01  3.333334E-02
              260  8.000000E-01  2.000000E-01  6.666667E-02
              261  7.000000E-01  2.000000E-01  3.333334E-02
              262  7.000000E-01  2.000000E-01  6.666667E-02
              263  6.000000E-01  2.000000E-01  3.333334E-02
              264  6.000000E-01  2.000000E-01  6.666667E-02
              265  4.000000E-01  2.000000E-01  3.333334E-02
              266  4.000000E-01  2.000000E-01  6.666667E-02
              267  3.000000E-01  2.000000E-01  3.333334E-02
              268  3.000000E-01  2.000000E-01  6.666667E-02
              269  2.000000E-01  2.000000E-01  3.333334E-02
              270  2.000000E-01  2.000000E-01  6.666667E-02
              271  1.000000E-01  2.000000E-01  3.333334E-02
              272  1.000000E-01  2.000000E-01  6.666667E-02
              273  5.000000E-01  3.333334E-02  3.333334E-02
              274  5.000000E-01  3.333334E-02  6.666667E-02
              275  5.000000E-01  6.666667E-02  3.333334E-02
              276  5.000000E-01  6.666667E-02  6.666667E-02
              277  5.000000E-01  1.000000E-01  3.333334E-02
              278  5.000000E-01  1.000000E-01  6.666667E-02
              279  5.000000E-01  1.333333E-01  3.333334E-02
              280  5.000000E-01  1.333333E-01  6.666667E-02
              281  5.000000E-01  1.666667E-01  3.333334E-02
              282  5.000000E-01  1.666667E-01  6.666667E-02
              283  1.000000E+00  3.333334E-02  3.333334E-02
              284  1.000000E+00  3.333334E-02  6.666667E-02
              285  1.000000E+00  6.666667E-02  3.333334E-02
              286  1.000000E+00  6.666667E-02  6.666667E-02
              287  1.000000E+00  1.000000E-01  3.333334E-02
              288  1.000000E+00  1.000000E-01  6.666667E-02
              289  1.000000E+00  1.333333E-01  3.333334E-02
              290  1.000000E+00  1.333333E-01  6.666667E-02
              291  1.000000E+00  1.666667E-01  3.333334E-02
              292  1.000000E+00  1.666667E-01  6.666667E-02
!
      $PART  NAME = SURFACE1
       SURFACE1
      $PART  NAME = SURFACE2
       SURFACE2
      $PART  NAME = SURFACE3
       SURFACE3
      $PART  NAME = SURFACE4
       SURFACE4
      $PART  NAME = SURFACE5
       SURFACE5
      $PART  NAME = SURFACE6
       SURFACE6
      $PART  NAME = SURFACE7
       SURFACE7
      $PART  NAME = SURFACE8
       SURFACE8
      $PART  NAME = SURFACE9
       SURFACE9
      $PART  NAME = SURFACE10
       SURFACE10
      $PART  NAME = SURFACE11
       SURFACE11
      $PART  NAME = SURFACE12
       SURFACE12
!
   $END STRUCTURE
!------
   $SYSTEM  NAME = S_STEP_1
!
   $END SYSTEM
!------
   $CONSTRAINTS  NAME = C_STEP_1
!
   $END CONSTRAINTS
!------
   $LOADING  NAME = L_STEP_1
!
   $END LOADING
!------
$EXIT COMPONENT
!------------------------------------
$FIN
