$ENTER COMPONENT  NAME = DFLT_COMP  DOFTYPE = DISP MATH
!------
   $SITUATION  NAME = STEP_1
      DFLT_COMP  CONSTRAINTS = C_STEP_1  SYSTEM = S_STEP_1
   $END SITUATION
!
   $STRUCTURE
!
      $ELEMENT TYPE = QUAD4
                1          1          5         81         80
                2         80         81         82         79
                3         79         82         83         78
                4         78         83         84         77
                5         77         84         85         76
                6         76         85         86         75
                7         75         86         87         74
                8         74         87         88         73
                9         73         88         89         72
               10         72         89         90         71
               11         71         90         91         70
               12         70         91         92         69
               13         69         92         93         68
               14         68         93         94         67
               15         67         94         95         66
               16         66         95         65          4
               17          5          6         96         81
               18         81         96         97         82
               19         82         97         98         83
               20         83         98         99         84
               21         84         99        100         85
               22         85        100        101         86
               23         86        101        102         87
               24         87        102        103         88
               25         88        103        104         89
               26         89        104        105         90
               27         90        105        106         91
               28         91        106        107         92
               29         92        107        108         93
               30         93        108        109         94
               31         94        109        110         95
               32         95        110         64         65
               33          6          7        111         96
               34         96        111        112         97
               35         97        112        113         98
               36         98        113        114         99
               37         99        114        115        100
               38        100        115        116        101
               39        101        116        117        102
               40        102        117        118        103
               41        103        118        119        104
               42        104        119        120        105
               43        105        120        121        106
               44        106        121        122        107
               45        107        122        123        108
               46        108        123        124        109
               47        109        124        125        110
               48        110        125         63         64
               49          7          8        126        111
               50        111        126        127        112
               51        112        127        128        113
               52        113        128        129        114
               53        114        129        130        115
               54        115        130        131        116
               55        116        131        132        117
               56        117        132        133        118
               57        118        133        134        119
               58        119        134        135        120
               59        120        135        136        121
               60        121        136        137        122
               61        122        137        138        123
               62        123        138        139        124
               63        124        139        140        125
               64        125        140         62         63
               65          8          9        141        126
               66        126        141        142        127
               67        127        142        143        128
               68        128        143        144        129
               69        129        144        145        130
               70        130        145        146        131
               71        131        146        147        132
               72        132        147        148        133
               73        133        148        149        134
               74        134        149        150        135
               75        135        150        151        136
               76        136        151        152        137
               77        137        152        153        138
               78        138        153        154        139
               79        139        154        155        140
               80        140        155         61         62
               81          9         10        156        141
               82        141        156        157        142
               83        142        157        158        143
               84        143        158        159        144
               85        144        159        160        145
               86        145        160        161        146
               87        146        161        162        147
               88        147        162        163        148
               89        148        163        164        149
               90        149        164        165        150
               91        150        165        166        151
               92        151        166        167        152
               93        152        167        168        153
               94        153        168        169        154
               95        154        169        170        155
               96        155        170         60         61
               97         10         11        171        156
               98        156        171        172        157
               99        157        172        173        158
              100        158        173        174        159
              101        159        174        175        160
              102        160        175        176        161
              103        161        176        177        162
              104        162        177        178        163
              105        163        178        179        164
              106        164        179        180        165
              107        165        180        181        166
              108        166        181        182        167
              109        167        182        183        168
              110        168        183        184        169
              111        169        184        185        170
              112        170        185         59         60
              113         11         12        186        171
              114        171        186        187        172
              115        172        187        188        173
              116        173        188        189        174
              117        174        189        190        175
              118        175        190        191        176
              119        176        191        192        177
              120        177        192        193        178
              121        178        193        194        179
              122        179        194        195        180
              123        180        195        196        181
              124        181        196        197        182
              125        182        197        198        183
              126        183        198        199        184
              127        184        199        200        185
              128        185        200         58         59
              129         12         13        201        186
              130        186        201        202        187
              131        187        202        203        188
              132        188        203        204        189
              133        189        204        205        190
              134        190        205        206        191
              135        191        206        207        192
              136        192        207        208        193
              137        193        208        209        194
              138        194        209        210        195
              139        195        210        211        196
              140        196        211        212        197
              141        197        212        213        198
              142        198        213        214        199
              143        199        214        215        200
              144        200        215         57         58
              145         13         14        216        201
              146        201        216        217        202
              147        202        217        218        203
              148        203        218        219        204
              149        204        219        220        205
              150        205        220        221        206
              151        206        221        222        207
              152        207        222        223        208
              153        208        223        224        209
              154        209        224        225        210
              155        210        225        226        211
              156        211        226        227        212
              157        212        227        228        213
              158        213        228        229        214
              159        214        229        230        215
              160        215        230         56         57
              161         14         15        231        216
              162        216        231        232        217
              163        217        232        233        218
              164        218        233        234        219
              165        219        234        235        220
              166        220        235        236        221
              167        221        236        237        222
              168        222        237        238        223
              169        223        238        239        224
              170        224        239        240        225
              171        225        240        241        226
              172        226        241        242        227
              173        227        242        243        228
              174        228        243        244        229
              175        229        244        245        230
              176        230        245         55         56
              177         15         16        246        231
              178        231        246        247        232
              179        232        247        248        233
              180        233        248        249        234
              181        234        249        250        235
              182        235        250        251        236
              183        236        251        252        237
              184        237        252        253        238
              185        238        253        254        239
              186        239        254        255        240
              187        240        255        256        241
              188        241        256        257        242
              189        242        257        258        243
              190        243        258        259        244
              191        244        259        260        245
              192        245        260         54         55
              193         16         17        261        246
              194        246        261        262        247
              195        247        262        263        248
              196        248        263        264        249
              197        249        264        265        250
              198        250        265        266        251
              199        251        266        267        252
              200        252        267        268        253
              201        253        268        269        254
              202        254        269        270        255
              203        255        270        271        256
              204        256        271        272        257
              205        257        272        273        258
              206        258        273        274        259
              207        259        274        275        260
              208        260        275         53         54
              209         17         18        276        261
              210        261        276        277        262
              211        262        277        278        263
              212        263        278        279        264
              213        264        279        280        265
              214        265        280        281        266
              215        266        281        282        267
              216        267        282        283        268
              217        268        283        284        269
              218        269        284        285        270
              219        270        285        286        271
              220        271        286        287        272
              221        272        287        288        273
              222        273        288        289        274
              223        274        289        290        275
              224        275        290         52         53
              225         18         19        291        276
              226        276        291        292        277
              227        277        292        293        278
              228        278        293        294        279
              229        279        294        295        280
              230        280        295        296        281
              231        281        296        297        282
              232        282        297        298        283
              233        283        298        299        284
              234        284        299        300        285
              235        285        300        301        286
              236        286        301        302        287
              237        287        302        303        288
              238        288        303        304        289
              239        289        304        305        290
              240        290        305         51         52
              241         19         20        306        291
              242        291        306        307        292
              243        292        307        308        293
              244        293        308        309        294
              245        294        309        310        295
              246        295        310        311        296
              247        296        311        312        297
              248        297        312        313        298
              249        298        313        314        299
              250        299        314        315        300
              251        300        315        316        301
              252        301        316        317        302
              253        302        317        318        303
              254        303        318        319        304
              255        304        319        320        305
              256        305        320         50         51
              257         20         21        321        306
              258        306        321        322        307
              259        307        322        323        308
              260        308        323        324        309
              261        309        324        325        310
              262        310        325        326        311
              263        311        326        327        312
              264        312        327        328        313
              265        313        328        329        314
              266        314        329        330        315
              267        315        330        331        316
              268        316        331        332        317
              269        317        332        333        318
              270        318        333        334        319
              271        319        334        335        320
              272        320        335         49         50
              273         21         22        336        321
              274        321        336        337        322
              275        322        337        338        323
              276        323        338        339        324
              277        324        339        340        325
              278        325        340        341        326
              279        326        341        342        327
              280        327        342        343        328
              281        328        343        344        329
              282        329        344        345        330
              283        330        345        346        331
              284        331        346        347        332
              285        332        347        348        333
              286        333        348        349        334
              287        334        349        350        335
              288        335        350         48         49
              289         22         23        351        336
              290        336        351        352        337
              291        337        352        353        338
              292        338        353        354        339
              293        339        354        355        340
              294        340        355        356        341
              295        341        356        357        342
              296        342        357        358        343
              297        343        358        359        344
              298        344        359        360        345
              299        345        360        361        346
              300        346        361        362        347
              301        347        362        363        348
              302        348        363        364        349
              303        349        364        365        350
              304        350        365         47         48
              305         23         24        366        351
              306        351        366        367        352
              307        352        367        368        353
              308        353        368        369        354
              309        354        369        370        355
              310        355        370        371        356
              311        356        371        372        357
              312        357        372        373        358
              313        358        373        374        359
              314        359        374        375        360
              315        360        375        376        361
              316        361        376        377        362
              317        362        377        378        363
              318        363        378        379        364
              319        364        379        380        365
              320        365        380         46         47
              321         24         25        381        366
              322        366        381        382        367
              323        367        382        383        368
              324        368        383        384        369
              325        369        384        385        370
              326        370        385        386        371
              327        371        386        387        372
              328        372        387        388        373
              329        373        388        389        374
              330        374        389        390        375
              331        375        390        391        376
              332        376        391        392        377
              333        377        392        393        378
              334        378        393        394        379
              335        379        394        395        380
              336        380        395         45         46
              337         25         26        396        381
              338        381        396        397        382
              339        382        397        398        383
              340        383        398        399        384
              341        384        399        400        385
              342        385        400        401        386
              343        386        401        402        387
              344        387        402        403        388
              345        388        403        404        389
              346        389        404        405        390
              347        390        405        406        391
              348        391        406        407        392
              349        392        407        408        393
              350        393        408        409        394
              351        394        409        410        395
              352        395        410         44         45
              353         26         27        411        396
              354        396        411        412        397
              355        397        412        413        398
              356        398        413        414        399
              357        399        414        415        400
              358        400        415        416        401
              359        401        416        417        402
              360        402        417        418        403
              361        403        418        419        404
              362        404        419        420        405
              363        405        420        421        406
              364        406        421        422        407
              365        407        422        423        408
              366        408        423        424        409
              367        409        424        425        410
              368        410        425         43         44
              369         27          2         28        411
              370        411         28         29        412
              371        412         29         30        413
              372        413         30         31        414
              373        414         31         32        415
              374        415         32         33        416
              375        416         33         34        417
              376        417         34         35        418
              377        418         35         36        419
              378        419         36         37        420
              379        420         37         38        421
              380        421         38         39        422
              381        422         39         40        423
              382        423         40         41        424
              383        424         41         42        425
              384        425         42          3         43
!
      $ESET NAME = PLATE
                1          2          3          4          5          6          7          8          9         10         11         12         13         14
               15         16         17         18         19         20         21         22         23         24         25         26         27         28
               29         30         31         32         33         34         35         36         37         38         39         40         41         42
               43         44         45         46         47         48         49         50         51         52         53         54         55         56
               57         58         59         60         61         62         63         64         65         66         67         68         69         70
               71         72         73         74         75         76         77         78         79         80         81         82         83         84
               85         86         87         88         89         90         91         92         93         94         95         96         97         98
               99        100        101        102        103        104        105        106        107        108        109        110        111        112
              113        114        115        116        117        118        119        120        121        122        123        124        125        126
              127        128        129        130        131        132        133        134        135        136        137        138        139        140
              141        142        143        144        145        146        147        148        149        150        151        152        153        154
              155        156        157        158        159        160        161        162        163        164        165        166        167        168
              169        170        171        172        173        174        175        176        177        178        179        180        181        182
              183        184        185        186        187        188        189        190        191        192        193        194        195        196
              197        198        199        200        201        202        203        204        205        206        207        208        209        210
              211        212        213        214        215        216        217        218        219        220        221        222        223        224
              225        226        227        228        229        230        231        232        233        234        235        236        237        238
              239        240        241        242        243        244        245        246        247        248        249        250        251        252
              253        254        255        256        257        258        259        260        261        262        263        264        265        266
              267        268        269        270        271        272        273        274        275        276        277        278        279        280
              281        282        283        284        285        286        287        288        289        290        291        292        293        294
              295        296        297        298        299        300        301        302        303        304        305        306        307        308
              309        310        311        312        313        314        315        316        317        318        319        320        321        322
              323        324        325        326        327        328        329        330        331        332        333        334        335        336
              337        338        339        340        341        342        343        344        345        346        347        348        349        350
              351        352        353        354        355        356        357        358        359        360        361        362        363        364
              365        366        367        368        369        370        371        372        373        374        375        376        377        378
              379        380        381        382        383        384
      $ESET NAME = SURFACE1
                1          2          3          4          5          6          7          8          9         10         11         12         13         14
               15         16         17         18         19         20         21         22         23         24         25         26         27         28
               29         30         31         32         33         34         35         36         37         38         39         40         41         42
               43         44         45         46         47         48         49         50         51         52         53         54         55         56
               57         58         59         60         61         62         63         64         65         66         67         68         69         70
               71         72         73         74         75         76         77         78         79         80         81         82         83         84
               85         86         87         88         89         90         91         92         93         94         95         96         97         98
               99        100        101        102        103        104        105        106        107        108        109        110        111        112
              113        114        115        116        117        118        119        120        121        122        123        124        125        126
              127        128        129        130        131        132        133        134        135        136        137        138        139        140
              141        142        143        144        145        146        147        148        149        150        151        152        153        154
              155        156        157        158        159        160        161        162        163        164        165        166        167        168
              169        170        171        172        173        174        175        176        177        178        179        180        181        182
              183        184        185        186        187        188        189        190        191        192        193        194        195        196
              197        198        199        200        201        202        203        204        205        206        207        208        209        210
              211        212        213        214        215        216        217        218        219        220        221        222        223        224
              225        226        227        228        229        230        231        232        233        234        235        236        237        238
              239        240        241        242        243        244        245        246        247        248        249        250        251        252
              253        254        255        256        257        258        259        260        261        262        263        264        265        266
              267        268        269        270        271        272        273        274        275        276        277        278        279        280
              281        282        283        284        285        286        287        288        289        290        291        292        293        294
              295        296        297        298        299        300        301        302        303        304        305        306        307        308
              309        310        311        312        313        314        315        316        317        318        319        320        321        322
              323        324        325        326        327        328        329        330        331        332        333        334        335        336
              337        338        339        340        341        342        343        344        345        346        347        348        349        350
              351        352        353        354        355        356        357        358        359        360        361        362        363        364
              365        366        367        368        369        370        371        372        373        374        375        376        377        378
              379        380        381        382        383        384
!
      $COOR
                1  0.000000E+00  0.000000E+00  0.000000E+00
                2  5.330000E+02  0.000000E+00  0.000000E+00
                3  5.330000E+02  3.210000E+02  0.000000E+00
                4  0.000000E+00  3.210000E+02  0.000000E+00
                5  2.220833E+01  0.000000E+00  0.000000E+00
                6  4.441666E+01  0.000000E+00  0.000000E+00
                7  6.662500E+01  0.000000E+00  0.000000E+00
                8  8.883333E+01  0.000000E+00  0.000000E+00
                9  1.110417E+02  0.000000E+00  0.000000E+00
               10  1.332500E+02  0.000000E+00  0.000000E+00
               11  1.554583E+02  0.000000E+00  0.000000E+00
               12  1.776667E+02  0.000000E+00  0.000000E+00
               13  1.998750E+02  0.000000E+00  0.000000E+00
               14  2.220833E+02  0.000000E+00  0.000000E+00
               15  2.442917E+02  0.000000E+00  0.000000E+00
               16  2.665000E+02  0.000000E+00  0.000000E+00
               17  2.887083E+02  0.000000E+00  0.000000E+00
               18  3.109167E+02  0.000000E+00  0.000000E+00
               19  3.331250E+02  0.000000E+00  0.000000E+00
               20  3.553333E+02  0.000000E+00  0.000000E+00
               21  3.775417E+02  0.000000E+00  0.000000E+00
               22  3.997500E+02  0.000000E+00  0.000000E+00
               23  4.219583E+02  0.000000E+00  0.000000E+00
               24  4.441667E+02  0.000000E+00  0.000000E+00
               25  4.663750E+02  0.000000E+00  0.000000E+00
               26  4.885833E+02  0.000000E+00  0.000000E+00
               27  5.107917E+02  0.000000E+00  0.000000E+00
               28  5.330000E+02  2.006250E+01  0.000000E+00
               29  5.330000E+02  4.012500E+01  0.000000E+00
               30  5.330000E+02  6.018750E+01  0.000000E+00
               31  5.330000E+02  8.025000E+01  0.000000E+00
               32  5.330000E+02  1.003125E+02  0.000000E+00
               33  5.330000E+02  1.203750E+02  0.000000E+00
               34  5.330000E+02  1.404375E+02  0.000000E+00
               35  5.330000E+02  1.605000E+02  0.000000E+00
               36  5.330000E+02  1.805625E+02  0.000000E+00
               37  5.330000E+02  2.006250E+02  0.000000E+00
               38  5.330000E+02  2.206875E+02  0.000000E+00
               39  5.330000E+02  2.407500E+02  0.000000E+00
               40  5.330000E+02  2.608125E+02  0.000000E+00
               41  5.330000E+02  2.808750E+02  0.000000E+00
               42  5.330000E+02  3.009375E+02  0.000000E+00
               43  5.107917E+02  3.210000E+02  0.000000E+00
               44  4.885833E+02  3.210000E+02  0.000000E+00
               45  4.663750E+02  3.210000E+02  0.000000E+00
               46  4.441667E+02  3.210000E+02  0.000000E+00
               47  4.219583E+02  3.210000E+02  0.000000E+00
               48  3.997500E+02  3.210000E+02  0.000000E+00
               49  3.775417E+02  3.210000E+02  0.000000E+00
               50  3.553333E+02  3.210000E+02  0.000000E+00
               51  3.331250E+02  3.210000E+02  0.000000E+00
               52  3.109167E+02  3.210000E+02  0.000000E+00
               53  2.887083E+02  3.210000E+02  0.000000E+00
               54  2.665000E+02  3.210000E+02  0.000000E+00
               55  2.442917E+02  3.210000E+02  0.000000E+00
               56  2.220833E+02  3.210000E+02  0.000000E+00
               57  1.998750E+02  3.210000E+02  0.000000E+00
               58  1.776667E+02  3.210000E+02  0.000000E+00
               59  1.554583E+02  3.210000E+02  0.000000E+00
               60  1.332500E+02  3.210000E+02  0.000000E+00
               61  1.110417E+02  3.210000E+02  0.000000E+00
               62  8.883333E+01  3.210000E+02  0.000000E+00
               63  6.662500E+01  3.210000E+02  0.000000E+00
               64  4.441666E+01  3.210000E+02  0.000000E+00
               65  2.220833E+01  3.210000E+02  0.000000E+00
               66  0.000000E+00  3.009375E+02  0.000000E+00
               67  0.000000E+00  2.808750E+02  0.000000E+00
               68  0.000000E+00  2.608125E+02  0.000000E+00
               69  0.000000E+00  2.407500E+02  0.000000E+00
               70  0.000000E+00  2.206875E+02  0.000000E+00
               71  0.000000E+00  2.006250E+02  0.000000E+00
               72  0.000000E+00  1.805625E+02  0.000000E+00
               73  0.000000E+00  1.605000E+02  0.000000E+00
               74  0.000000E+00  1.404375E+02  0.000000E+00
               75  0.000000E+00  1.203750E+02  0.000000E+00
               76  0.000000E+00  1.003125E+02  0.000000E+00
               77  0.000000E+00  8.025000E+01  0.000000E+00
               78  0.000000E+00  6.018750E+01  0.000000E+00
               79  0.000000E+00  4.012500E+01  0.000000E+00
               80  0.000000E+00  2.006250E+01  0.000000E+00
               81  2.220833E+01  2.006250E+01  0.000000E+00
               82  2.220833E+01  4.012500E+01  0.000000E+00
               83  2.220833E+01  6.018750E+01  0.000000E+00
               84  2.220833E+01  8.025000E+01  0.000000E+00
               85  2.220833E+01  1.003125E+02  0.000000E+00
               86  2.220833E+01  1.203750E+02  0.000000E+00
               87  2.220833E+01  1.404375E+02  0.000000E+00
               88  2.220833E+01  1.605000E+02  0.000000E+00
               89  2.220833E+01  1.805625E+02  0.000000E+00
               90  2.220833E+01  2.006250E+02  0.000000E+00
               91  2.220833E+01  2.206875E+02  0.000000E+00
               92  2.220833E+01  2.407500E+02  0.000000E+00
               93  2.220833E+01  2.608125E+02  0.000000E+00
               94  2.220833E+01  2.808750E+02  0.000000E+00
               95  2.220833E+01  3.009375E+02  0.000000E+00
               96  4.441666E+01  2.006250E+01  0.000000E+00
               97  4.441666E+01  4.012500E+01  0.000000E+00
               98  4.441666E+01  6.018750E+01  0.000000E+00
               99  4.441666E+01  8.025000E+01  0.000000E+00
              100  4.441666E+01  1.003125E+02  0.000000E+00
              101  4.441666E+01  1.203750E+02  0.000000E+00
              102  4.441666E+01  1.404375E+02  0.000000E+00
              103  4.441666E+01  1.605000E+02  0.000000E+00
              104  4.441666E+01  1.805625E+02  0.000000E+00
              105  4.441666E+01  2.006250E+02  0.000000E+00
              106  4.441666E+01  2.206875E+02  0.000000E+00
              107  4.441666E+01  2.407500E+02  0.000000E+00
              108  4.441666E+01  2.608125E+02  0.000000E+00
              109  4.441666E+01  2.808750E+02  0.000000E+00
              110  4.441666E+01  3.009375E+02  0.000000E+00
              111  6.662500E+01  2.006250E+01  0.000000E+00
              112  6.662500E+01  4.012500E+01  0.000000E+00
              113  6.662500E+01  6.018750E+01  0.000000E+00
              114  6.662500E+01  8.025000E+01  0.000000E+00
              115  6.662500E+01  1.003125E+02  0.000000E+00
              116  6.662500E+01  1.203750E+02  0.000000E+00
              117  6.662500E+01  1.404375E+02  0.000000E+00
              118  6.662500E+01  1.605000E+02  0.000000E+00
              119  6.662500E+01  1.805625E+02  0.000000E+00
              120  6.662500E+01  2.006250E+02  0.000000E+00
              121  6.662500E+01  2.206875E+02  0.000000E+00
              122  6.662500E+01  2.407500E+02  0.000000E+00
              123  6.662500E+01  2.608125E+02  0.000000E+00
              124  6.662500E+01  2.808750E+02  0.000000E+00
              125  6.662500E+01  3.009375E+02  0.000000E+00
              126  8.883333E+01  2.006250E+01  0.000000E+00
              127  8.883333E+01  4.012500E+01  0.000000E+00
              128  8.883333E+01  6.018750E+01  0.000000E+00
              129  8.883333E+01  8.025000E+01  0.000000E+00
              130  8.883333E+01  1.003125E+02  0.000000E+00
              131  8.883333E+01  1.203750E+02  0.000000E+00
              132  8.883333E+01  1.404375E+02  0.000000E+00
              133  8.883333E+01  1.605000E+02  0.000000E+00
              134  8.883333E+01  1.805625E+02  0.000000E+00
              135  8.883333E+01  2.006250E+02  0.000000E+00
              136  8.883333E+01  2.206875E+02  0.000000E+00
              137  8.883333E+01  2.407500E+02  0.000000E+00
              138  8.883333E+01  2.608125E+02  0.000000E+00
              139  8.883333E+01  2.808750E+02  0.000000E+00
              140  8.883333E+01  3.009375E+02  0.000000E+00
              141  1.110417E+02  2.006250E+01  0.000000E+00
              142  1.110417E+02  4.012500E+01  0.000000E+00
              143  1.110417E+02  6.018750E+01  0.000000E+00
              144  1.110417E+02  8.025000E+01  0.000000E+00
              145  1.110417E+02  1.003125E+02  0.000000E+00
              146  1.110417E+02  1.203750E+02  0.000000E+00
              147  1.110417E+02  1.404375E+02  0.000000E+00
              148  1.110417E+02  1.605000E+02  0.000000E+00
              149  1.110417E+02  1.805625E+02  0.000000E+00
              150  1.110417E+02  2.006250E+02  0.000000E+00
              151  1.110417E+02  2.206875E+02  0.000000E+00
              152  1.110417E+02  2.407500E+02  0.000000E+00
              153  1.110417E+02  2.608125E+02  0.000000E+00
              154  1.110417E+02  2.808750E+02  0.000000E+00
              155  1.110417E+02  3.009375E+02  0.000000E+00
              156  1.332500E+02  2.006250E+01  0.000000E+00
              157  1.332500E+02  4.012500E+01  0.000000E+00
              158  1.332500E+02  6.018750E+01  0.000000E+00
              159  1.332500E+02  8.025000E+01  0.000000E+00
              160  1.332500E+02  1.003125E+02  0.000000E+00
              161  1.332500E+02  1.203750E+02  0.000000E+00
              162  1.332500E+02  1.404375E+02  0.000000E+00
              163  1.332500E+02  1.605000E+02  0.000000E+00
              164  1.332500E+02  1.805625E+02  0.000000E+00
              165  1.332500E+02  2.006250E+02  0.000000E+00
              166  1.332500E+02  2.206875E+02  0.000000E+00
              167  1.332500E+02  2.407500E+02  0.000000E+00
              168  1.332500E+02  2.608125E+02  0.000000E+00
              169  1.332500E+02  2.808750E+02  0.000000E+00
              170  1.332500E+02  3.009375E+02  0.000000E+00
              171  1.554583E+02  2.006250E+01  0.000000E+00
              172  1.554583E+02  4.012500E+01  0.000000E+00
              173  1.554583E+02  6.018750E+01  0.000000E+00
              174  1.554583E+02  8.025000E+01  0.000000E+00
              175  1.554583E+02  1.003125E+02  0.000000E+00
              176  1.554583E+02  1.203750E+02  0.000000E+00
              177  1.554583E+02  1.404375E+02  0.000000E+00
              178  1.554583E+02  1.605000E+02  0.000000E+00
              179  1.554583E+02  1.805625E+02  0.000000E+00
              180  1.554583E+02  2.006250E+02  0.000000E+00
              181  1.554583E+02  2.206875E+02  0.000000E+00
              182  1.554583E+02  2.407500E+02  0.000000E+00
              183  1.554583E+02  2.608125E+02  0.000000E+00
              184  1.554583E+02  2.808750E+02  0.000000E+00
              185  1.554583E+02  3.009375E+02  0.000000E+00
              186  1.776667E+02  2.006250E+01  0.000000E+00
              187  1.776667E+02  4.012500E+01  0.000000E+00
              188  1.776667E+02  6.018750E+01  0.000000E+00
              189  1.776667E+02  8.025000E+01  0.000000E+00
              190  1.776667E+02  1.003125E+02  0.000000E+00
              191  1.776667E+02  1.203750E+02  0.000000E+00
              192  1.776667E+02  1.404375E+02  0.000000E+00
              193  1.776667E+02  1.605000E+02  0.000000E+00
              194  1.776667E+02  1.805625E+02  0.000000E+00
              195  1.776667E+02  2.006250E+02  0.000000E+00
              196  1.776667E+02  2.206875E+02  0.000000E+00
              197  1.776667E+02  2.407500E+02  0.000000E+00
              198  1.776667E+02  2.608125E+02  0.000000E+00
              199  1.776667E+02  2.808750E+02  0.000000E+00
              200  1.776667E+02  3.009375E+02  0.000000E+00
              201  1.998750E+02  2.006250E+01  0.000000E+00
              202  1.998750E+02  4.012500E+01  0.000000E+00
              203  1.998750E+02  6.018750E+01  0.000000E+00
              204  1.998750E+02  8.025000E+01  0.000000E+00
              205  1.998750E+02  1.003125E+02  0.000000E+00
              206  1.998750E+02  1.203750E+02  0.000000E+00
              207  1.998750E+02  1.404375E+02  0.000000E+00
              208  1.998750E+02  1.605000E+02  0.000000E+00
              209  1.998750E+02  1.805625E+02  0.000000E+00
              210  1.998750E+02  2.006250E+02  0.000000E+00
              211  1.998750E+02  2.206875E+02  0.000000E+00
              212  1.998750E+02  2.407500E+02  0.000000E+00
              213  1.998750E+02  2.608125E+02  0.000000E+00
              214  1.998750E+02  2.808750E+02  0.000000E+00
              215  1.998750E+02  3.009375E+02  0.000000E+00
              216  2.220833E+02  2.006250E+01  0.000000E+00
              217  2.220833E+02  4.012500E+01  0.000000E+00
              218  2.220833E+02  6.018750E+01  0.000000E+00
              219  2.220833E+02  8.025000E+01  0.000000E+00
              220  2.220833E+02  1.003125E+02  0.000000E+00
              221  2.220833E+02  1.203750E+02  0.000000E+00
              222  2.220833E+02  1.404375E+02  0.000000E+00
              223  2.220833E+02  1.605000E+02  0.000000E+00
              224  2.220833E+02  1.805625E+02  0.000000E+00
              225  2.220833E+02  2.006250E+02  0.000000E+00
              226  2.220833E+02  2.206875E+02  0.000000E+00
              227  2.220833E+02  2.407500E+02  0.000000E+00
              228  2.220833E+02  2.608125E+02  0.000000E+00
              229  2.220833E+02  2.808750E+02  0.000000E+00
              230  2.220833E+02  3.009375E+02  0.000000E+00
              231  2.442917E+02  2.006250E+01  0.000000E+00
              232  2.442917E+02  4.012500E+01  0.000000E+00
              233  2.442917E+02  6.018750E+01  0.000000E+00
              234  2.442917E+02  8.025000E+01  0.000000E+00
              235  2.442917E+02  1.003125E+02  0.000000E+00
              236  2.442917E+02  1.203750E+02  0.000000E+00
              237  2.442917E+02  1.404375E+02  0.000000E+00
              238  2.442917E+02  1.605000E+02  0.000000E+00
              239  2.442917E+02  1.805625E+02  0.000000E+00
              240  2.442917E+02  2.006250E+02  0.000000E+00
              241  2.442917E+02  2.206875E+02  0.000000E+00
              242  2.442917E+02  2.407500E+02  0.000000E+00
              243  2.442917E+02  2.608125E+02  0.000000E+00
              244  2.442917E+02  2.808750E+02  0.000000E+00
              245  2.442917E+02  3.009375E+02  0.000000E+00
              246  2.665000E+02  2.006250E+01  0.000000E+00
              247  2.665000E+02  4.012500E+01  0.000000E+00
              248  2.665000E+02  6.018750E+01  0.000000E+00
              249  2.665000E+02  8.025000E+01  0.000000E+00
              250  2.665000E+02  1.003125E+02  0.000000E+00
              251  2.665000E+02  1.203750E+02  0.000000E+00
              252  2.665000E+02  1.404375E+02  0.000000E+00
              253  2.665000E+02  1.605000E+02  0.000000E+00
              254  2.665000E+02  1.805625E+02  0.000000E+00
              255  2.665000E+02  2.006250E+02  0.000000E+00
              256  2.665000E+02  2.206875E+02  0.000000E+00
              257  2.665000E+02  2.407500E+02  0.000000E+00
              258  2.665000E+02  2.608125E+02  0.000000E+00
              259  2.665000E+02  2.808750E+02  0.000000E+00
              260  2.665000E+02  3.009375E+02  0.000000E+00
              261  2.887083E+02  2.006250E+01  0.000000E+00
              262  2.887083E+02  4.012500E+01  0.000000E+00
              263  2.887083E+02  6.018750E+01  0.000000E+00
              264  2.887083E+02  8.025000E+01  0.000000E+00
              265  2.887083E+02  1.003125E+02  0.000000E+00
              266  2.887083E+02  1.203750E+02  0.000000E+00
              267  2.887083E+02  1.404375E+02  0.000000E+00
              268  2.887083E+02  1.605000E+02  0.000000E+00
              269  2.887083E+02  1.805625E+02  0.000000E+00
              270  2.887083E+02  2.006250E+02  0.000000E+00
              271  2.887083E+02  2.206875E+02  0.000000E+00
              272  2.887083E+02  2.407500E+02  0.000000E+00
              273  2.887083E+02  2.608125E+02  0.000000E+00
              274  2.887083E+02  2.808750E+02  0.000000E+00
              275  2.887083E+02  3.009375E+02  0.000000E+00
              276  3.109167E+02  2.006250E+01  0.000000E+00
              277  3.109167E+02  4.012500E+01  0.000000E+00
              278  3.109167E+02  6.018750E+01  0.000000E+00
              279  3.109167E+02  8.025000E+01  0.000000E+00
              280  3.109167E+02  1.003125E+02  0.000000E+00
              281  3.109167E+02  1.203750E+02  0.000000E+00
              282  3.109167E+02  1.404375E+02  0.000000E+00
              283  3.109167E+02  1.605000E+02  0.000000E+00
              284  3.109167E+02  1.805625E+02  0.000000E+00
              285  3.109167E+02  2.006250E+02  0.000000E+00
              286  3.109167E+02  2.206875E+02  0.000000E+00
              287  3.109167E+02  2.407500E+02  0.000000E+00
              288  3.109167E+02  2.608125E+02  0.000000E+00
              289  3.109167E+02  2.808750E+02  0.000000E+00
              290  3.109167E+02  3.009375E+02  0.000000E+00
              291  3.331250E+02  2.006250E+01  0.000000E+00
              292  3.331250E+02  4.012500E+01  0.000000E+00
              293  3.331250E+02  6.018750E+01  0.000000E+00
              294  3.331250E+02  8.025000E+01  0.000000E+00
              295  3.331250E+02  1.003125E+02  0.000000E+00
              296  3.331250E+02  1.203750E+02  0.000000E+00
              297  3.331250E+02  1.404375E+02  0.000000E+00
              298  3.331250E+02  1.605000E+02  0.000000E+00
              299  3.331250E+02  1.805625E+02  0.000000E+00
              300  3.331250E+02  2.006250E+02  0.000000E+00
              301  3.331250E+02  2.206875E+02  0.000000E+00
              302  3.331250E+02  2.407500E+02  0.000000E+00
              303  3.331250E+02  2.608125E+02  0.000000E+00
              304  3.331250E+02  2.808750E+02  0.000000E+00
              305  3.331250E+02  3.009375E+02  0.000000E+00
              306  3.553333E+02  2.006250E+01  0.000000E+00
              307  3.553333E+02  4.012500E+01  0.000000E+00
              308  3.553333E+02  6.018750E+01  0.000000E+00
              309  3.553333E+02  8.025000E+01  0.000000E+00
              310  3.553333E+02  1.003125E+02  0.000000E+00
              311  3.553333E+02  1.203750E+02  0.000000E+00
              312  3.553333E+02  1.404375E+02  0.000000E+00
              313  3.553333E+02  1.605000E+02  0.000000E+00
              314  3.553333E+02  1.805625E+02  0.000000E+00
              315  3.553333E+02  2.006250E+02  0.000000E+00
              316  3.553333E+02  2.206875E+02  0.000000E+00
              317  3.553333E+02  2.407500E+02  0.000000E+00
              318  3.553333E+02  2.608125E+02  0.000000E+00
              319  3.553333E+02  2.808750E+02  0.000000E+00
              320  3.553333E+02  3.009375E+02  0.000000E+00
              321  3.775417E+02  2.006250E+01  0.000000E+00
              322  3.775417E+02  4.012500E+01  0.000000E+00
              323  3.775417E+02  6.018750E+01  0.000000E+00
              324  3.775417E+02  8.025000E+01  0.000000E+00
              325  3.775417E+02  1.003125E+02  0.000000E+00
              326  3.775417E+02  1.203750E+02  0.000000E+00
              327  3.775417E+02  1.404375E+02  0.000000E+00
              328  3.775417E+02  1.605000E+02  0.000000E+00
              329  3.775417E+02  1.805625E+02  0.000000E+00
              330  3.775417E+02  2.006250E+02  0.000000E+00
              331  3.775417E+02  2.206875E+02  0.000000E+00
              332  3.775417E+02  2.407500E+02  0.000000E+00
              333  3.775417E+02  2.608125E+02  0.000000E+00
              334  3.775417E+02  2.808750E+02  0.000000E+00
              335  3.775417E+02  3.009375E+02  0.000000E+00
              336  3.997500E+02  2.006250E+01  0.000000E+00
              337  3.997500E+02  4.012500E+01  0.000000E+00
              338  3.997500E+02  6.018750E+01  0.000000E+00
              339  3.997500E+02  8.025000E+01  0.000000E+00
              340  3.997500E+02  1.003125E+02  0.000000E+00
              341  3.997500E+02  1.203750E+02  0.000000E+00
              342  3.997500E+02  1.404375E+02  0.000000E+00
              343  3.997500E+02  1.605000E+02  0.000000E+00
              344  3.997500E+02  1.805625E+02  0.000000E+00
              345  3.997500E+02  2.006250E+02  0.000000E+00
              346  3.997500E+02  2.206875E+02  0.000000E+00
              347  3.997500E+02  2.407500E+02  0.000000E+00
              348  3.997500E+02  2.608125E+02  0.000000E+00
              349  3.997500E+02  2.808750E+02  0.000000E+00
              350  3.997500E+02  3.009375E+02  0.000000E+00
              351  4.219583E+02  2.006250E+01  0.000000E+00
              352  4.219583E+02  4.012500E+01  0.000000E+00
              353  4.219583E+02  6.018750E+01  0.000000E+00
              354  4.219583E+02  8.025000E+01  0.000000E+00
              355  4.219583E+02  1.003125E+02  0.000000E+00
              356  4.219583E+02  1.203750E+02  0.000000E+00
              357  4.219583E+02  1.404375E+02  0.000000E+00
              358  4.219583E+02  1.605000E+02  0.000000E+00
              359  4.219583E+02  1.805625E+02  0.000000E+00
              360  4.219583E+02  2.006250E+02  0.000000E+00
              361  4.219583E+02  2.206875E+02  0.000000E+00
              362  4.219583E+02  2.407500E+02  0.000000E+00
              363  4.219583E+02  2.608125E+02  0.000000E+00
              364  4.219583E+02  2.808750E+02  0.000000E+00
              365  4.219583E+02  3.009375E+02  0.000000E+00
              366  4.441667E+02  2.006250E+01  0.000000E+00
              367  4.441667E+02  4.012500E+01  0.000000E+00
              368  4.441667E+02  6.018750E+01  0.000000E+00
              369  4.441667E+02  8.025000E+01  0.000000E+00
              370  4.441667E+02  1.003125E+02  0.000000E+00
              371  4.441667E+02  1.203750E+02  0.000000E+00
              372  4.441667E+02  1.404375E+02  0.000000E+00
              373  4.441667E+02  1.605000E+02  0.000000E+00
              374  4.441667E+02  1.805625E+02  0.000000E+00
              375  4.441667E+02  2.006250E+02  0.000000E+00
              376  4.441667E+02  2.206875E+02  0.000000E+00
              377  4.441667E+02  2.407500E+02  0.000000E+00
              378  4.441667E+02  2.608125E+02  0.000000E+00
              379  4.441667E+02  2.808750E+02  0.000000E+00
              380  4.441667E+02  3.009375E+02  0.000000E+00
              381  4.663750E+02  2.006250E+01  0.000000E+00
              382  4.663750E+02  4.012500E+01  0.000000E+00
              383  4.663750E+02  6.018750E+01  0.000000E+00
              384  4.663750E+02  8.025000E+01  0.000000E+00
              385  4.663750E+02  1.003125E+02  0.000000E+00
              386  4.663750E+02  1.203750E+02  0.000000E+00
              387  4.663750E+02  1.404375E+02  0.000000E+00
              388  4.663750E+02  1.605000E+02  0.000000E+00
              389  4.663750E+02  1.805625E+02  0.000000E+00
              390  4.663750E+02  2.006250E+02  0.000000E+00
              391  4.663750E+02  2.206875E+02  0.000000E+00
              392  4.663750E+02  2.407500E+02  0.000000E+00
              393  4.663750E+02  2.608125E+02  0.000000E+00
              394  4.663750E+02  2.808750E+02  0.000000E+00
              395  4.663750E+02  3.009375E+02  0.000000E+00
              396  4.885833E+02  2.006250E+01  0.000000E+00
              397  4.885833E+02  4.012500E+01  0.000000E+00
              398  4.885833E+02  6.018750E+01  0.000000E+00
              399  4.885833E+02  8.025000E+01  0.000000E+00
              400  4.885833E+02  1.003125E+02  0.000000E+00
              401  4.885833E+02  1.203750E+02  0.000000E+00
              402  4.885833E+02  1.404375E+02  0.000000E+00
              403  4.885833E+02  1.605000E+02  0.000000E+00
              404  4.885833E+02  1.805625E+02  0.000000E+00
              405  4.885833E+02  2.006250E+02  0.000000E+00
              406  4.885833E+02  2.206875E+02  0.000000E+00
              407  4.885833E+02  2.407500E+02  0.000000E+00
              408  4.885833E+02  2.608125E+02  0.000000E+00
              409  4.885833E+02  2.808750E+02  0.000000E+00
              410  4.885833E+02  3.009375E+02  0.000000E+00
              411  5.107917E+02  2.006250E+01  0.000000E+00
              412  5.107917E+02  4.012500E+01  0.000000E+00
              413  5.107917E+02  6.018750E+01  0.000000E+00
              414  5.107917E+02  8.025000E+01  0.000000E+00
              415  5.107917E+02  1.003125E+02  0.000000E+00
              416  5.107917E+02  1.203750E+02  0.000000E+00
              417  5.107917E+02  1.404375E+02  0.000000E+00
              418  5.107917E+02  1.605000E+02  0.000000E+00
              419  5.107917E+02  1.805625E+02  0.000000E+00
              420  5.107917E+02  2.006250E+02  0.000000E+00
              421  5.107917E+02  2.206875E+02  0.000000E+00
              422  5.107917E+02  2.407500E+02  0.000000E+00
              423  5.107917E+02  2.608125E+02  0.000000E+00
              424  5.107917E+02  2.808750E+02  0.000000E+00
              425  5.107917E+02  3.009375E+02  0.000000E+00
!
      $PART  NAME = PLATE
       PLATE
!
   $END STRUCTURE
!------
   $SYSTEM  NAME = S_STEP_1
!
   $END SYSTEM
!------
   $CONSTRAINTS  NAME = C_STEP_1
!
   $END CONSTRAINTS
!------
$EXIT COMPONENT
!------------------------------------
$FIN
