        $RSYS CART FORM = ZX
                   1 2.26430301e-02 -4.44394488e-02 -7.38274274e-01 : 4.87009912e-01 3.69710402e-03 8.73388618e-01 : -8.03412946e-01 3.94111480e-01 4.46322506e-01
                   2 2.64141275e-02 -4.42845039e-02 -7.31616594e-01 : 4.98074733e-01 3.70091363e-02 8.66343976e-01 : -8.22233579e-01 3.37482997e-01 4.58298121e-01
                   3 3.02935771e-02 -4.38652951e-02 -7.24958914e-01 : 5.06913604e-01 7.18203571e-02 8.58999671e-01 : -8.36835493e-01 2.80016884e-01 4.70422047e-01
                   4 3.42666223e-02 -4.31660301e-02 -7.18301234e-01 : 5.13360033e-01 1.07982225e-01 8.51352639e-01 : -8.47181505e-01 2.22038891e-01 4.82682326e-01
                   5 3.83169548e-02 -4.21714336e-02 -7.11643554e-01 : 5.17256956e-01 1.45328398e-01 8.43400793e-01 : -8.53260773e-01 1.63877007e-01 4.95066035e-01
                   6 4.24267009e-02 -4.08668694e-02 -7.04985875e-01 : 5.18458676e-01 1.83675246e-01 8.35143105e-01 : -8.55089109e-01 1.05859205e-01 5.07559302e-01
                   7 4.65764161e-02 -3.92384693e-02 -6.98328195e-01 : 5.16832803e-01 2.22822582e-01 8.26579670e-01 : -8.52709083e-01 4.83111164e-02 5.20147341e-01
                   8 5.07450885e-02 -3.72732643e-02 -6.91670515e-01 : 5.12262155e-01 2.62554629e-01 8.17711778e-01 : -8.46189914e-01 -8.44632688e-03 5.32814498e-01
                   9 5.49101511e-02 -3.49593217e-02 -6.85012835e-01 : 5.04646594e-01 3.02641221e-01 8.08541964e-01 : -8.35627125e-01 -6.40992752e-02 5.45544307e-01
                  10 5.90475040e-02 -3.22858843e-02 -6.78355155e-01 : 4.93904768e-01 3.42839223e-01 7.99074056e-01 : -8.21141967e-01 -1.18343338e-01 5.58319554e-01
                  11 6.31315469e-02 -2.92435127e-02 -6.71697476e-01 : 4.79975729e-01 3.82894185e-01 7.89313210e-01 : -8.02880593e-01 -1.70885927e-01 5.71122363e-01
                  12 6.71352222e-02 -2.58242309e-02 -6.65039796e-01 : 4.62820387e-01 4.22542195e-01 7.79265926e-01 : -7.81012994e-01 -2.21448542e-01 5.83934283e-01
                  13 7.10300701e-02 -2.20216717e-02 -6.58382116e-01 : 4.42422786e-01 4.61511934e-01 7.68940058e-01 : -7.55731689e-01 -2.69768963e-01 5.96736391e-01
                  14 7.47862944e-02 -1.78312247e-02 -6.51724436e-01 : 4.18791157e-01 4.99526897e-01 7.58344807e-01 : -7.27250182e-01 -3.15603322e-01 6.09509406e-01
                  15 7.83728417e-02 -1.32501833e-02 -6.45066756e-01 : 3.91958737e-01 5.36307756e-01 7.47490695e-01 : -6.95801189e-01 -3.58728028e-01 6.22233804e-01
                  16 8.17574926e-02 -8.27789135e-03 -6.38409077e-01 : 3.61984331e-01 5.71574850e-01 7.36389527e-01 : -6.61634659e-01 -3.98941508e-01 6.34889953e-01
                  17 8.49069653e-02 -2.91588797e-03 -6.31751397e-01 : 3.28952588e-01 6.05050746e-01 7.25054335e-01 : -6.25015600e-01 -4.36065741e-01 6.47458237e-01
                  18 8.77870340e-02 2.83195001e-03 -6.25093717e-01 : 2.92973998e-01 6.36462856e-01 7.13499313e-01 : -5.86221744e-01 -4.69947564e-01 6.59919202e-01
                  19 9.03626592e-02 8.95926939e-03 -6.18436037e-01 : 2.54184587e-01 6.65546055e-01 7.01739727e-01 : -5.45541067e-01 -5.00459714e-01 6.72253686e-01
                  20 9.25981327e-02 1.54571065e-02 -6.11778357e-01 : 2.12745318e-01 6.92045278e-01 6.89791825e-01 : -5.03269204e-01 -5.27501602e-01 6.84442962e-01
                  21 9.44572359e-02 2.23137586e-02 -6.05120678e-01 : 1.68841205e-01 7.15718050e-01 6.77672723e-01 : -4.59706791e-01 -5.50999803e-01 6.96468867e-01
                  22 9.59034120e-02 2.95146630e-02 -5.98462998e-01 : 1.22680138e-01 7.36336907e-01 6.65400288e-01 : -4.15156769e-01 -5.70908243e-01 7.08313938e-01
                  23 9.68999524e-02 3.70422825e-02 -5.91805318e-01 : 7.44914429e-02 7.53691679e-01 6.52993015e-01 : -3.69921694e-01 -5.87208087e-01 7.19961529e-01
                  24 9.74101960e-02 4.48760021e-02 -5.85147638e-01 : 2.45242060e-02 7.67591614e-01 6.40469888e-01 : -3.24301074e-01 -5.99907337e-01 7.31395926e-01
                  25 9.73977426e-02 5.29920345e-02 -5.78489958e-01 : -2.69546359e-02 7.77867283e-01 6.27850251e-01 : -2.78588799e-01 -6.09040133e-01 7.42602449e-01
                  26 9.68266797e-02 6.13633382e-02 -5.71832279e-01 : -7.96623892e-02 7.84372280e-01 6.15153664e-01 : -2.33070670e-01 -6.14665782e-01 7.53567541e-01
                  27 9.56618209e-02 6.99595481e-02 -5.65174599e-01 : -1.33302862e-01 7.86984666e-01 6.02399769e-01 : -1.88022080e-01 -6.16867524e-01 7.64278847e-01
                  28 9.38689583e-02 7.87469210e-02 -5.58516919e-01 : -1.87568751e-01 7.85608165e-01 5.89608154e-01 : -1.43705875e-01 -6.15751069e-01 7.74725269e-01
                  29 9.14151249e-02 8.76882958e-02 -5.51859239e-01 : -2.42144124e-01 7.80173080e-01 5.76798222e-01 : -1.00370409e-01 -6.11442924e-01 7.84897019e-01
                  30 8.82688696e-02 9.67430714e-02 -5.45201560e-01 : -2.96706960e-01 7.70636950e-01 5.63989070e-01 : -5.82478331e-02 -6.04088544e-01 7.94785644e-01
                  31 8.44005411e-02 1.05867202e-01 -5.38543880e-01 : -3.50931725e-01 7.56984926e-01 5.51199370e-01 : -1.75526189e-02 -5.93850331e-01 8.04384044e-01
                  32 7.97825818e-02 1.15013213e-01 -5.31886200e-01 : -4.04491934e-01 7.39229881e-01 5.38447267e-01 : 2.15196582e-02 -5.80905531e-01 8.13686468e-01
                  33 7.43898297e-02 1.24130234e-01 -5.25228520e-01 : -4.57062682e-01 7.17412260e-01 5.25750277e-01 : 5.87932800e-02 -5.65444051e-01 8.22688505e-01
                  34 6.81998277e-02 1.33164062e-01 -5.18570840e-01 : -5.08323116e-01 6.91599691e-01 5.13125206e-01 : 9.41130831e-02 -5.47666230e-01 8.31387050e-01
                  35 6.11931379e-02 1.42057237e-01 -5.11913161e-01 : -5.57958816e-01 6.61886348e-01 5.00588077e-01 : 1.27344899e-01 -5.27780612e-01 8.39780270e-01
                  36 5.33536611e-02 1.50749149e-01 -5.05255481e-01 : -6.05664064e-01 6.28392115e-01 4.88154066e-01 : 1.58375742e-01 -5.06001726e-01 8.47867547e-01
                  37 4.46689589e-02 1.59176166e-01 -4.98597801e-01 : -6.51143997e-01 5.91261544e-01 4.75837453e-01 : 1.87113762e-01 -4.82547937e-01 8.55649419e-01
                  38 3.51305766e-02 1.67271796e-01 -4.91940121e-01 : -6.94116601e-01 5.50662646e-01 4.63651588e-01 : 2.13487972e-01 -4.57639354e-01 8.63127515e-01
                  39 2.47343663e-02 1.74966865e-01 -4.85282441e-01 : -7.34314564e-01 5.06785518e-01 4.51608857e-01 : 2.37447769e-01 -4.31495861e-01 8.70304475e-01
                  40 1.34808068e-02 1.82189730e-01 -4.78624762e-01 : -7.71486958e-01 4.59840847e-01 4.39720671e-01 : 2.58962274e-01 -4.04335250e-01 8.77183873e-01
                  41 1.37531960e-03 1.88866523e-01 -4.71967082e-01 : -8.05400752e-01 4.10058292e-01 4.27997459e-01 : 2.78019504e-01 -3.76371499e-01 8.83770134e-01
                  42 -1.15714221e-02 1.94921414e-01 -4.65309402e-01 : -8.35842151e-01 3.57684784e-01 4.16448669e-01 : 2.94625404e-01 -3.47813202e-01 8.90068451e-01
                  43 -2.53431926e-02 2.00276917e-01 -4.58651722e-01 : -8.62617759e-01 3.02982743e-01 4.05082781e-01 : 3.08802770e-01 -3.18862147e-01 8.96084695e-01
                  44 -3.99179249e-02 2.04854214e-01 -4.51994042e-01 : -8.85555571e-01 2.46228247e-01 3.93907326e-01 : 3.20590059e-01 -2.89712063e-01 9.01825335e-01
                  45 -5.52674345e-02 2.08573520e-01 -4.45336363e-01 : -9.04505789e-01 1.87709167e-01 3.82928906e-01 : 3.30040145e-01 -2.60547533e-01 9.07297352e-01
                  46 -7.13571597e-02 2.11354469e-01 -4.38678683e-01 : -9.19341471e-01 1.27723267e-01 3.72153230e-01 : 3.37219012e-01 -2.31543067e-01 9.12508162e-01
                  47 -8.81459209e-02 2.13116537e-01 -4.32021003e-01 : -9.29959019e-01 6.65763144e-02 3.61585145e-01 : 3.42204415e-01 -2.02862341e-01 9.17465536e-01
                  48 -1.05585700e-01 2.13779491e-01 -4.25363323e-01 : -9.36278505e-01 4.58018044e-03 3.51228677e-01 : 3.45084532e-01 -1.74657589e-01 9.22177528e-01
                  49 -1.23621446e-01 2.13263866e-01 -4.18705643e-01 : -9.38243850e-01 -5.79490311e-02 3.41087067e-01 : 3.45956616e-01 -1.47069150e-01 9.26652408e-01
                  50 -1.42190904e-01 2.11491480e-01 -4.12047964e-01 : -9.35822860e-01 -1.20692833e-01 3.31162822e-01 : 3.44925664e-01 -1.20225154e-01 9.30898597e-01
                  51 -1.61224478e-01 2.08385963e-01 -4.05390284e-01 : -9.29007121e-01 -1.83332166e-01 3.21457751e-01 : 3.42103117e-01 -9.42413401e-02 9.34924610e-01
                  52 -1.80645122e-01 2.03873321e-01 -3.98732604e-01 : -9.17811770e-01 -2.45549162e-01 3.11973017e-01 : 3.37605603e-01 -6.92209974e-02 9.38739000e-01
                  53 -2.00368271e-01 1.97882526e-01 -3.92074924e-01 : -9.02275142e-01 -3.07028861e-01 3.02709178e-01 : 3.31553727e-01 -4.52550215e-02 9.42350311e-01
                  54 -2.20301804e-01 1.90346124e-01 -3.85417244e-01 : -8.82458303e-01 -3.67460864e-01 2.93666235e-01 : 3.24070924e-01 -2.24220686e-02 9.45767036e-01
                  55 -2.40346054e-01 1.81200868e-01 -3.78759565e-01 : -8.58444476e-01 -4.26540926e-01 2.84843675e-01 : 3.15282375e-01 -7.88801538e-04 9.48997577e-01
                  56 -2.60393860e-01 1.70388370e-01 -3.72101885e-01 : -8.30338375e-01 -4.83972480e-01 2.76240513e-01 : 3.05313991e-01 1.95897843e-02 9.52050213e-01
                  57 -2.80330661e-01 1.57855771e-01 -3.65444205e-01 : -7.98265432e-01 -5.39468088e-01 2.67855339e-01 : 2.94291471e-01 3.86699658e-02 9.54933068e-01
                  58 -3.00034647e-01 1.43556421e-01 -3.58786525e-01 : -7.62370952e-01 -5.92750816e-01 2.59686353e-01 : 2.82339438e-01 5.64188380e-02 9.57654090e-01
                  59 -3.19376954e-01 1.27450579e-01 -3.52128845e-01 : -7.22819186e-01 -6.43555533e-01 2.51731407e-01 : 2.69580643e-01 7.28138099e-02 9.60221030e-01
                  60 -3.38221919e-01 1.09506110e-01 -3.45471166e-01 : -6.79792327e-01 -6.91630124e-01 2.43988040e-01 : 2.56135251e-01 8.78420605e-02 9.62641421e-01
                  61 -3.56427387e-01 8.96991984e-02 -3.38813486e-01 : -6.33489446e-01 -7.36736627e-01 2.36453514e-01 : 2.42120202e-01 1.01499962e-01 9.64922570e-01
                  62 -3.73845077e-01 6.80150521e-02 -3.32155806e-01 : -5.84125367e-01 -7.78652272e-01 2.29124848e-01 : 2.27648643e-01 1.13792479e-01 9.67071542e-01
                  63 -3.90321016e-01 4.44486121e-02 -3.25498126e-01 : -5.31929481e-01 -8.17170447e-01 2.21998846e-01 : 2.12829435e-01 1.24732552e-01 9.69095156e-01
                  64 -4.05696018e-01 1.90052497e-02 -3.18840446e-01 : -4.77144527e-01 -8.52101566e-01 2.15072129e-01 : 1.97766725e-01 1.34340468e-01 9.70999980e-01
                  65 -4.19806246e-01 -8.29854560e-03 -3.12182767e-01 : -4.20025317e-01 -8.83273850e-01 2.08341161e-01 : 1.82559586e-01 1.42643229e-01 9.72792325e-01
                  66 -4.32483828e-01 -3.74344954e-02 -3.05525087e-01 : -3.60837430e-01 -9.10534015e-01 2.01802271e-01 : 1.67301728e-01 1.49673921e-01 9.74478244e-01
                  67 -4.43557535e-01 -6.83618825e-02 -2.98867407e-01 : -2.99855878e-01 -9.33747875e-01 1.95451679e-01 : 1.52081255e-01 1.55471089e-01 9.76063539e-01
                  68 -4.52853540e-01 -1.01026928e-01 -2.92209727e-01 : -2.37363741e-01 -9.52800843e-01 1.89285519e-01 : 1.36980490e-01 1.60078120e-01 9.77553754e-01
                  69 -4.60196225e-01 -1.35362199e-01 -2.85552047e-01 : -1.73650787e-01 -9.67598351e-01 1.83299851e-01 : 1.22075845e-01 1.63542641e-01 9.78954183e-01
                  70 -4.65409069e-01 -1.71286058e-01 -2.78894368e-01 : -1.09012076e-01 -9.78066165e-01 1.77490689e-01 : 1.07437750e-01 1.65915936e-01 9.80269877e-01
                  71 -4.68315597e-01 -2.08702148e-01 -2.72236688e-01 : -4.37465546e-02 -9.84150618e-01 1.71854007e-01 : 9.31306168e-02 1.67252381e-01 9.81505644e-01
                  72 -4.68740390e-01 -2.47498934e-01 -2.65579008e-01 : 2.18443526e-02 -9.85818748e-01 1.66385759e-01 : 7.92128488e-02 1.67608896e-01 9.82666059e-01
                  73 -4.66510165e-01 -2.87549296e-01 -2.58921328e-01 : 8.74581474e-02 -9.83058338e-01 1.61081894e-01 : 6.57368929e-02 1.67044431e-01 9.83755467e-01
                  74 -4.61454914e-01 -3.28710183e-01 -2.52263649e-01 : 1.52792658e-01 -9.75877877e-01 1.55938363e-01 : 5.27493206e-02 1.65619470e-01 9.84777995e-01
                  75 -4.53409104e-01 -3.70822338e-01 -2.45605969e-01 : 2.17547427e-01 -9.64306421e-01 1.50951130e-01 : 4.02909430e-02 1.63395561e-01 9.85737557e-01
                  76 -4.42212929e-01 -4.13710093e-01 -2.38948289e-01 : 2.81425076e-01 -9.48393371e-01 1.46116186e-01 : 2.83969534e-02 1.60434879e-01 9.86637858e-01
                  77 -4.27713624e-01 -4.57181243e-01 -2.32290609e-01 : 3.44132656e-01 -9.28208164e-01 1.41429554e-01 : 1.70970945e-02 1.56799811e-01 9.87482409e-01
                  78 -4.09766823e-01 -5.01027011e-01 -2.25632929e-01 : 4.05382961e-01 -9.03839877e-01 1.36887294e-01 : 6.41584686e-03 1.52552576e-01 9.88274531e-01
                  79 -3.88237962e-01 -5.45022103e-01 -2.18975250e-01 : 4.64895817e-01 -8.75396748e-01 1.32485517e-01 : -3.62736288e-03 1.47754868e-01 9.89017361e-01
                  80 -3.63003727e-01 -5.88924859e-01 -2.12317570e-01 : 5.22399324e-01 -8.43005622e-01 1.28220383e-01 : -1.30179389e-02 1.42467529e-01 9.89713866e-01
                  81 -3.33953535e-01 -6.32477512e-01 -2.05659890e-01 : 5.77631066e-01 -8.06811312e-01 1.24088108e-01 : -2.17458794e-02 1.36750255e-01 9.90366843e-01
                  82 -3.00991040e-01 -6.75406552e-01 -1.99002210e-01 : 6.30339264e-01 -7.66975888e-01 1.20084972e-01 : -2.98055288e-02 1.30661320e-01 9.90978935e-01
                  83 -2.64035668e-01 -7.17423215e-01 -1.92344530e-01 : 6.80283883e-01 -7.23677897e-01 1.16207316e-01 : -3.71953219e-02 1.24257343e-01 9.91552631e-01
                  84 -2.23024165e-01 -7.58224077e-01 -1.85686851e-01 : 7.27237683e-01 -6.77111513e-01 1.12451553e-01 : -4.39175216e-02 1.17593062e-01 9.92090280e-01
                  85 -1.77912148e-01 -7.97491793e-01 -1.79029171e-01 : 7.70987208e-01 -6.27485620e-01 1.08814162e-01 : -4.99779526e-02 1.10721155e-01 9.92594091e-01
                  86 -1.28675660e-01 -8.34895948e-01 -1.72371491e-01 : 8.11333713e-01 -5.75022838e-01 1.05291696e-01 : -5.53857324e-02 1.03692068e-01 9.93066149e-01
                  87 -7.53127162e-02 -8.70094052e-01 -1.65713811e-01 : 8.48094024e-01 -5.19958491e-01 1.01880781e-01 : -6.01530024e-02 9.65538826e-02 9.93508412e-01
                  88 -1.78448232e-02 -9.02732670e-01 -1.59056131e-01 : 8.81101324e-01 -4.62539525e-01 9.85781172e-02 : -6.42946592e-02 8.93521942e-02 9.93922724e-01
                  89 4.36815238e-02 -9.32448692e-01 -1.52398452e-01 : 9.10205869e-01 -4.03023375e-01 9.53804807e-02 : -6.78280900e-02 8.21300218e-02 9.94310821e-01
                  90 1.09193388e-01 -9.58870750e-01 -1.45740772e-01 : 9.35275627e-01 -3.41676794e-01 9.22847234e-02 : -7.07729099e-02 7.49277344e-02 9.94674334e-01
                  91 1.78589987e-01 -9.81620768e-01 -1.39083092e-01 : 9.56196838e-01 -2.78774640e-01 8.92877734e-02 : -7.31507064e-02 6.77829992e-02 9.95014793e-01
                  92 2.51741357e-01 -1.00031567e+00 -1.32425412e-01 : 9.72874491e-01 -2.14598637e-01 8.63866347e-02 : -7.49847886e-02 6.07307477e-02 9.95333641e-01
                  93 3.28487083e-01 -1.01456924e+00 -1.25767732e-01 : 9.85232716e-01 -1.49436100e-01 8.35783874e-02 : -7.62999446e-02 5.38031608e-02 9.95632230e-01
                  94 4.08635122e-01 -1.02399410e+00 -1.19110053e-01 : 9.93215103e-01 -8.35786475e-02 8.08601867e-02 : -7.71222067e-02 4.70296695e-02 9.95911831e-01
                  95 4.91960731e-01 -1.02820385e+00 -1.12452373e-01 : 9.96784916e-01 -1.73208911e-02 7.82292629e-02 : -7.74786252e-02 4.04369717e-02 9.96173636e-01
                  96 5.78205494e-01 -1.02681535e+00 -1.05794693e-01 : 9.95925242e-01 4.90408817e-02 7.56829201e-02 : -7.73970522e-02 3.40490629e-02 9.96418766e-01
                  97 6.67076491e-01 -1.01945116e+00 -9.91370132e-02 : 9.90639033e-01 1.15210031e-01 7.32185356e-02 : -7.69059353e-02 2.78872802e-02 9.96648271e-01
                  98 7.58245597e-01 -1.00574208e+00 -9.24793334e-02 : 9.80949078e-01 1.80890889e-01 7.08335590e-02 : -7.60341216e-02 2.19703577e-02 9.96863138e-01
                  99 8.51348936e-01 -9.85329787e-01 -8.58216536e-02 : 9.66897872e-01 2.45790072e-01 6.85255107e-02 : -7.48106728e-02 1.63144937e-02 9.97064291e-01
                 100 9.45986506e-01 -9.57869722e-01 -7.91639738e-02 : 9.48547415e-01 3.09617789e-01 6.62919812e-02 : -7.32646917e-02 1.09334265e-02 9.97252598e-01
                 101 1.04172198e+00 -9.23033940e-01 -7.25062940e-02 : 9.25978911e-01 3.72089128e-01 6.41306296e-02 : -7.14251593e-02 5.83851914e-03 9.97428874e-01
                 102 1.13808272e+00 -8.80514164e-01 -6.58486142e-02 : 8.99292393e-01 4.32925318e-01 6.20391823e-02 : -6.93207842e-02 1.03885203e-03 9.97593880e-01
                 103 1.23455994e+00 -8.30024896e-01 -5.91909344e-02 : 8.68606263e-01 4.91854965e-01 6.00154317e-02 : -6.69798632e-02 -3.45867854e-03 9.97748333e-01
                 104 1.33060919e+00 -7.71306619e-01 -5.25332546e-02 : 8.34056748e-01 5.48615255e-01 5.80572350e-02 : -6.44301534e-02 -7.64925604e-03 9.97892902e-01
                 105 1.42565097e+00 -7.04129078e-01 -4.58755748e-02 : 7.95797283e-01 6.02953113e-01 5.61625125e-02 : -6.16987553e-02 -1.15300349e-02 9.98028217e-01
                 106 1.51907166e+00 -6.28294605e-01 -3.92178950e-02 : 7.53997817e-01 6.54626324e-01 5.43292464e-02 : -5.88120083e-02 -1.51000278e-02 9.98154866e-01
                 107 1.61022470e+00 -5.43641501e-01 -3.25602153e-02 : 7.08844047e-01 7.03404606e-01 5.25554791e-02 : -5.57953964e-02 -1.83599911e-02 9.98273402e-01
                 108 1.69843196e+00 -4.50047432e-01 -2.59025355e-02 : 6.60536582e-01 7.49070616e-01 5.08393121e-02 : -5.26734648e-02 -2.13123067e-02 9.98384341e-01
                 109 1.78298554e+00 -3.47432848e-01 -1.92448557e-02 : 6.09290046e-01 7.91420922e-01 4.91789045e-02 : -4.94697477e-02 -2.39608644e-02 9.98488168e-01
                 110 1.86314970e+00 -2.35764373e-01 -1.25871759e-02 : 5.55332116e-01 8.30266885e-01 4.75724711e-02 : -4.62067056e-02 -2.63109428e-02 9.98585337e-01
                 111 1.93816320e+00 -1.15058187e-01 -5.92949607e-03 : 4.98902502e-01 8.65435504e-01 4.60182817e-02 : -4.29056736e-02 -2.83690905e-02 9.98676273e-01
                 112 2.00724189e+00 1.46166672e-02 7.28183728e-04 : 4.40251882e-01 8.96770163e-01 4.45146590e-02 : -3.95868181e-02 -3.01430087e-02 9.98761374e-01
                 113 2.06958161e+00 1.53135030e-01 7.38586352e-03 : 3.79640779e-01 9.24131331e-01 4.30599776e-02 : -3.62691033e-02 -3.16414346e-02 9.98841014e-01
                 114 2.12436144e+00 3.00312485e-01 1.40435433e-02 : 3.17338403e-01 9.47397168e-01 4.16526623e-02 : -3.29702665e-02 -3.28740270e-02 9.98915542e-01
                 115 2.17074723e+00 4.55902331e-01 2.07012231e-02 : 2.53621453e-01 9.66464060e-01 4.02911872e-02 : -2.97068014e-02 -3.38512546e-02 9.98985284e-01
                 116 2.20789548e+00 6.19592713e-01 2.73589029e-02 : 1.88772886e-01 9.81247073e-01 3.89740737e-02 : -2.64939496e-02 -3.45842870e-02 9.99050548e-01
                 117 2.23495753e+00 7.91003915e-01 3.40165827e-02 : 1.23080658e-01 9.91680326e-01 3.76998897e-02 : -2.33456988e-02 -3.50848888e-02 9.99111620e-01
                 118 2.25108403e+00 9.69685869e-01 4.06742625e-02 : 5.68364476e-02 9.97717274e-01 3.64672481e-02 : -2.02747885e-02 -3.53653177e-02 9.99168768e-01
                 119 2.25542980e+00 1.15511589e+00 4.73319423e-02 : -9.66564403e-03 9.99330908e-01 3.52748052e-02 : -1.72927221e-02 -3.54382267e-02 9.99222244e-01
                 120 2.24715893e+00 1.34669665e+00 5.39896221e-02 : -7.61303939e-02 9.96513875e-01 3.41212600e-02 : -1.44097846e-02 -3.53165700e-02 9.99272284e-01
                 121 2.22545022e+00 1.54375450e+00 6.06473019e-02 : -1.42262769e-01 9.89278500e-01 3.30053525e-02 : -1.16350657e-02 -3.50135135e-02 9.99319108e-01
                 122 2.18950289e+00 1.74553804e+00 6.73049817e-02 : -2.07769237e-01 9.77656731e-01 3.19258629e-02 : -8.97648805e-03 -3.45423507e-02 9.99362921e-01
                 123 2.13854254e+00 1.95121707e+00 7.39626615e-02 : -2.72359063e-01 9.61699988e-01 3.08816099e-02 : -6.44084018e-03 -3.39164225e-02 9.99403918e-01
                 124 2.07182748e+00 2.15988195e+00 8.06203413e-02 : -3.35745602e-01 9.41478936e-01 2.98714499e-02 : -4.03381289e-03 -3.31490422e-02 9.99442279e-01
                 125 1.98865514e+00 2.37054330e+00 8.72780211e-02 : -3.97647571e-01 9.17083164e-01 2.88942759e-02 : -1.76003962e-03 -3.22534256e-02 9.99478173e-01
                 126 1.88836884e+00 2.58213220e+00 9.39357009e-02 : -4.57790290e-01 8.88620787e-01 2.79490162e-02 : 3.76860297e-04 -3.12426265e-02 9.99511759e-01
                 127 1.77036471e+00 2.79350084e+00 1.00593381e-01 : -5.15906904e-01 8.56217960e-01 2.70346333e-02 : 2.37423564e-03 -3.01294764e-02 9.99543184e-01
                 128 1.63409874e+00 3.00342364e+00 1.07251060e-01 : -5.71739560e-01 8.20018321e-01 2.61501231e-02 : 4.23035506e-03 -2.89265304e-02 9.99572589e-01
                 129 1.47909408e+00 3.21059892e+00 1.13908740e-01 : -6.25040556e-01 7.80182345e-01 2.52945136e-02 : 5.94435708e-03 -2.76460167e-02 9.99600101e-01
                 130 1.30494833e+00 3.41365116e+00 1.20566420e-01 : -6.75573430e-01 7.36886635e-01 2.44668643e-02 : 7.51619859e-03 -2.62997928e-02 9.99625844e-01
                 131 1.11134101e+00 3.61113371e+00 1.27224100e-01 : -7.23114012e-01 6.90323137e-01 2.36662648e-02 : 8.94660224e-03 -2.48993052e-02 9.99649930e-01
                 132 8.98041027e-01 3.80153225e+00 1.33881780e-01 : -7.67451416e-01 6.40698282e-01 2.28918338e-02 : 1.02370032e-02 -2.34555543e-02 9.99672467e-01
                 133 6.64914158e-01 3.98326877e+00 1.40539459e-01 : -8.08388969e-01 5.88232075e-01 2.21427189e-02 : 1.13894956e-02 -2.19790645e-02 9.99693553e-01
                 134 4.11930467e-01 4.15470623e+00 1.47197139e-01 : -8.45745088e-01 5.33157116e-01 2.14180947e-02 : 1.24067784e-02 -2.04798577e-02 9.99713283e-01
                 135 1.39171670e-01 4.31415387e+00 1.53854819e-01 : -8.79354079e-01 4.75717567e-01 2.07171630e-02 : 1.32921025e-02 -1.89674328e-02 9.99731742e-01
                 136 -1.53161646e-01 4.45987318e+00 1.60512499e-01 : -9.09066869e-01 4.16168067e-01 2.00391510e-02 : 1.40492170e-02 -1.74507473e-02 9.99749014e-01
                 137 -4.64742991e-01 4.59008460e+00 1.67170179e-01 : -9.34751669e-01 3.54772610e-01 1.93833111e-02 : 1.46823175e-02 -1.59382051e-02 9.99765174e-01
                 138 -7.95113174e-01 4.70297486e+00 1.73827858e-01 : -9.56294555e-01 2.91803362e-01 1.87489199e-02 : 1.51959946e-02 -1.44376464e-02 9.99780294e-01
                 139 -1.14367380e+00 4.79670504e+00 1.80485538e-01 : -9.73599971e-01 2.27539466e-01 1.81352774e-02 : 1.55951836e-02 -1.29563423e-02 9.99794441e-01
                 140 -1.50968110e+00 4.86941935e+00 1.87143218e-01 : -9.86591151e-01 1.62265796e-01 1.75417063e-02 : 1.58851160e-02 -1.15009923e-02 9.99807677e-01
                 141 -1.89224021e+00 4.91925461e+00 1.93800898e-01 : -9.95210461e-01 9.62716967e-02 1.69675513e-02 : 1.60712724e-02 -1.00777254e-02 9.99820061e-01
                 142 -2.29029985e+00 4.94435036e+00 2.00458578e-01 : -9.99419649e-01 2.98497026e-02 1.64121784e-02 : 1.61593367e-02 -8.69210354e-03 9.99831647e-01
                 143 -2.70264764e+00 4.94285974e+00 2.07116257e-01 : -9.99200016e-01 -3.67057616e-02 1.58749742e-02 : 1.61551529e-02 -7.34912884e-03 9.99842488e-01
                 144 -3.12790588e+00 4.91296101e+00 2.13773937e-01 : -9.94552497e-01 -1.03099684e-01 1.53553452e-02 : 1.60646832e-02 -6.05325251e-03 9.99852631e-01
                 145 -3.56452810e+00 4.85286968e+00 2.20431617e-01 : -9.85497655e-01 -1.69037775e-01 1.48527173e-02 : 1.58939682e-02 -4.80838657e-03 9.99862121e-01
                 146 -4.01079631e+00 4.76085131e+00 2.27089297e-01 : -9.72075591e-01 -2.34227769e-01 1.43665349e-02 : 1.56490900e-02 -3.61791758e-03 9.99871000e-01
                 147 -4.46481899e+00 4.63523491e+00 2.33746977e-01 : -9.54345765e-01 -2.98380721e-01 1.38962606e-02 : 1.53361363e-02 -2.48472242e-03 9.99879307e-01
                 148 -4.92452999e+00 4.47442681e+00 2.40404656e-01 : -9.32386729e-01 -3.61212288e-01 1.34413746e-02 : 1.49611678e-02 -1.41118559e-03 9.99887080e-01
                 149 -5.38768837e+00 4.27692521e+00 2.47062336e-01 : -9.06295781e-01 -4.22443985e-01 1.30013737e-02 : 1.45301874e-02 -3.99218256e-04 9.99894352e-01
                 150 -5.85187916e+00 4.04133500e+00 2.53720016e-01 : -8.76188533e-01 -4.81804425e-01 1.25757715e-02 : 1.40491113e-02 5.49721574e-04 9.99901155e-01
        $ELSYS RSYS
                   1 RSYS =        1
                   2 RSYS =        2
                   3 RSYS =        3
                   4 RSYS =        4
                   5 RSYS =        5
                   6 RSYS =        6
                   7 RSYS =        7
                   8 RSYS =        8
                   9 RSYS =        9
                  10 RSYS =       10
                  11 RSYS =       11
                  12 RSYS =       12
                  13 RSYS =       13
                  14 RSYS =       14
                  15 RSYS =       15
                  16 RSYS =       16
                  17 RSYS =       17
                  18 RSYS =       18
                  19 RSYS =       19
                  20 RSYS =       20
                  21 RSYS =       21
                  22 RSYS =       22
                  23 RSYS =       23
                  24 RSYS =       24
                  25 RSYS =       25
                  26 RSYS =       26
                  27 RSYS =       27
                  28 RSYS =       28
                  29 RSYS =       29
                  30 RSYS =       30
                  31 RSYS =       31
                  32 RSYS =       32
                  33 RSYS =       33
                  34 RSYS =       34
                  35 RSYS =       35
                  36 RSYS =       36
                  37 RSYS =       37
                  38 RSYS =       38
                  39 RSYS =       39
                  40 RSYS =       40
                  41 RSYS =       41
                  42 RSYS =       42
                  43 RSYS =       43
                  44 RSYS =       44
                  45 RSYS =       45
                  46 RSYS =       46
                  47 RSYS =       47
                  48 RSYS =       48
                  49 RSYS =       49
                  50 RSYS =       50
                  51 RSYS =       51
                  52 RSYS =       52
                  53 RSYS =       53
                  54 RSYS =       54
                  55 RSYS =       55
                  56 RSYS =       56
                  57 RSYS =       57
                  58 RSYS =       58
                  59 RSYS =       59
                  60 RSYS =       60
                  61 RSYS =       61
                  62 RSYS =       62
                  63 RSYS =       63
                  64 RSYS =       64
                  65 RSYS =       65
                  66 RSYS =       66
                  67 RSYS =       67
                  68 RSYS =       68
                  69 RSYS =       69
                  70 RSYS =       70
                  71 RSYS =       71
                  72 RSYS =       72
                  73 RSYS =       73
                  74 RSYS =       74
                  75 RSYS =       75
                  76 RSYS =       76
                  77 RSYS =       77
                  78 RSYS =       78
                  79 RSYS =       79
                  80 RSYS =       80
                  81 RSYS =       81
                  82 RSYS =       82
                  83 RSYS =       83
                  84 RSYS =       84
                  85 RSYS =       85
                  86 RSYS =       86
                  87 RSYS =       87
                  88 RSYS =       88
                  89 RSYS =       89
                  90 RSYS =       90
                  91 RSYS =       91
                  92 RSYS =       92
                  93 RSYS =       93
                  94 RSYS =       94
                  95 RSYS =       95
                  96 RSYS =       96
                  97 RSYS =       97
                  98 RSYS =       98
                  99 RSYS =       99
                 100 RSYS =      100
                 101 RSYS =      101
                 102 RSYS =      102
                 103 RSYS =      103
                 104 RSYS =      104
                 105 RSYS =      105
                 106 RSYS =      106
                 107 RSYS =      107
                 108 RSYS =      108
                 109 RSYS =      109
                 110 RSYS =      110
                 111 RSYS =      111
                 112 RSYS =      112
                 113 RSYS =      113
                 114 RSYS =      114
                 115 RSYS =      115
                 116 RSYS =      116
                 117 RSYS =      117
                 118 RSYS =      118
                 119 RSYS =      119
                 120 RSYS =      120
                 121 RSYS =      121
                 122 RSYS =      122
                 123 RSYS =      123
                 124 RSYS =      124
                 125 RSYS =      125
                 126 RSYS =      126
                 127 RSYS =      127
                 128 RSYS =      128
                 129 RSYS =      129
                 130 RSYS =      130
                 131 RSYS =      131
                 132 RSYS =      132
                 133 RSYS =      133
                 134 RSYS =      134
                 135 RSYS =      135
                 136 RSYS =      136
                 137 RSYS =      137
                 138 RSYS =      138
                 139 RSYS =      139
                 140 RSYS =      140
                 141 RSYS =      141
                 142 RSYS =      142
                 143 RSYS =      143
                 144 RSYS =      144
                 145 RSYS =      145
                 146 RSYS =      146
                 147 RSYS =      147
                 148 RSYS =      148
                 149 RSYS =      149
                 150 RSYS =      150
