        $RSYS CART FORM = ZX
                   1 9.00000000e+00 0.00000000e+00 0.00000000e+00 : -0.00000000e+00 1.00000000e+00 0.00000000e+00 : 0.00000000e+00 0.00000000e+00 1.00000000e+00
                   2 8.99653979e+00 1.01846170e-01 0.00000000e+00 : -6.78453081e-02 9.97695853e-01 0.00000000e+00 : 0.00000000e+00 0.00000000e+00 1.00000000e+00
                   3 8.98615917e+00 2.03457310e-01 0.00000000e+00 : -1.35223255e-01 9.90815155e-01 0.00000000e+00 : 0.00000000e+00 0.00000000e+00 1.00000000e+00
                   4 8.96885813e+00 3.04598392e-01 0.00000000e+00 : -2.01677149e-01 9.79452055e-01 0.00000000e+00 : 0.00000000e+00 0.00000000e+00 1.00000000e+00
                   5 8.94463668e+00 4.05034384e-01 0.00000000e+00 : -2.66771132e-01 9.63759909e-01 0.00000000e+00 : 0.00000000e+00 0.00000000e+00 1.00000000e+00
                   6 8.91349481e+00 5.04530258e-01 0.00000000e+00 : -3.30099369e-01 9.43946188e-01 0.00000000e+00 : 0.00000000e+00 0.00000000e+00 1.00000000e+00
                   7 8.87543253e+00 6.02850983e-01 0.00000000e+00 : -3.91293870e-01 9.20265781e-01 0.00000000e+00 : 0.00000000e+00 0.00000000e+00 1.00000000e+00
                   8 8.83044983e+00 6.99761531e-01 0.00000000e+00 : -4.50030668e-01 8.93013100e-01 0.00000000e+00 : 0.00000000e+00 0.00000000e+00 1.00000000e+00
                   9 8.77854671e+00 7.95026872e-01 0.00000000e+00 : -5.06034178e-01 8.62513426e-01 0.00000000e+00 : 0.00000000e+00 0.00000000e+00 1.00000000e+00
                  10 8.71972318e+00 8.88411975e-01 0.00000000e+00 : -5.59079691e-01 8.29113924e-01 0.00000000e+00 : 0.00000000e+00 0.00000000e+00 1.00000000e+00
                  11 8.65397924e+00 9.79681812e-01 0.00000000e+00 : -6.08994079e-01 7.93174767e-01 0.00000000e+00 : 0.00000000e+00 0.00000000e+00 1.00000000e+00
                  12 8.58131488e+00 1.06860135e+00 0.00000000e+00 : -6.55654860e-01 7.55060729e-01 0.00000000e+00 : 0.00000000e+00 0.00000000e+00 1.00000000e+00
                  13 8.50173010e+00 1.15493557e+00 0.00000000e+00 : -6.98987863e-01 7.15133531e-01 0.00000000e+00 : 0.00000000e+00 0.00000000e+00 1.00000000e+00
                  14 8.41522491e+00 1.23844943e+00 0.00000000e+00 : -7.38963762e-01 6.73745174e-01 0.00000000e+00 : 0.00000000e+00 0.00000000e+00 1.00000000e+00
                  15 8.32179931e+00 1.31890790e+00 0.00000000e+00 : -7.75593776e-01 6.31232361e-01 0.00000000e+00 : 0.00000000e+00 0.00000000e+00 1.00000000e+00
                  16 8.22145329e+00 1.39607596e+00 0.00000000e+00 : -8.08924828e-01 5.87912088e-01 0.00000000e+00 : 0.00000000e+00 0.00000000e+00 1.00000000e+00
                  17 8.11418685e+00 1.46971858e+00 0.00000000e+00 : -8.39034407e-01 5.44078362e-01 0.00000000e+00 : 0.00000000e+00 0.00000000e+00 1.00000000e+00
                  18 8.00000000e+00 1.53960072e+00 0.00000000e+00 : -8.66025404e-01 5.00000000e-01 0.00000000e+00 : 0.00000000e+00 0.00000000e+00 1.00000000e+00
                  19 7.87889273e+00 1.60548736e+00 0.00000000e+00 : -8.90021070e-01 4.55919395e-01 0.00000000e+00 : 0.00000000e+00 0.00000000e+00 1.00000000e+00
                  20 7.75086505e+00 1.66714346e+00 0.00000000e+00 : -9.11160278e-01 4.12052117e-01 0.00000000e+00 : 0.00000000e+00 0.00000000e+00 1.00000000e+00
                  21 7.61591696e+00 1.72433400e+00 0.00000000e+00 : -9.29593172e-01 3.68587214e-01 0.00000000e+00 : 0.00000000e+00 0.00000000e+00 1.00000000e+00
                  22 7.47404844e+00 1.77682395e+00 0.00000000e+00 : -9.45477276e-01 3.25688073e-01 0.00000000e+00 : 0.00000000e+00 0.00000000e+00 1.00000000e+00
                  23 7.32525952e+00 1.82437828e+00 0.00000000e+00 : -9.58974096e-01 2.83493708e-01 0.00000000e+00 : 0.00000000e+00 0.00000000e+00 1.00000000e+00
                  24 7.16955017e+00 1.86676195e+00 0.00000000e+00 : -9.70246226e-01 2.42120344e-01 0.00000000e+00 : 0.00000000e+00 0.00000000e+00 1.00000000e+00
                  25 7.00692042e+00 1.90373995e+00 0.00000000e+00 : -9.79454927e-01 2.01663202e-01 0.00000000e+00 : 0.00000000e+00 0.00000000e+00 1.00000000e+00
                  26 6.83737024e+00 1.93507723e+00 0.00000000e+00 : -9.86758168e-01 1.62198391e-01 0.00000000e+00 : 0.00000000e+00 0.00000000e+00 1.00000000e+00
                  27 6.66089965e+00 1.96053877e+00 0.00000000e+00 : -9.92309082e-01 1.23784835e-01 0.00000000e+00 : 0.00000000e+00 0.00000000e+00 1.00000000e+00
                  28 6.47750865e+00 1.97988955e+00 0.00000000e+00 : -9.96254788e-01 8.64661654e-02 0.00000000e+00 : 0.00000000e+00 0.00000000e+00 1.00000000e+00
                  29 6.28719723e+00 1.99289452e+00 0.00000000e+00 : -9.98735535e-01 5.02725621e-02 0.00000000e+00 : 0.00000000e+00 0.00000000e+00 1.00000000e+00
                  30 6.08996540e+00 1.99931866e+00 0.00000000e+00 : -9.99884131e-01 1.52224824e-02 0.00000000e+00 : 0.00000000e+00 0.00000000e+00 1.00000000e+00
                  31 5.88581315e+00 1.99892694e+00 0.00000000e+00 : -9.99825594e-01 -1.86757216e-02 0.00000000e+00 : 0.00000000e+00 0.00000000e+00 1.00000000e+00
                  32 5.67474048e+00 1.99148434e+00 0.00000000e+00 : -9.98676997e-01 -5.14223195e-02 0.00000000e+00 : 0.00000000e+00 0.00000000e+00 1.00000000e+00
                  33 5.45674740e+00 1.97675582e+00 0.00000000e+00 : -9.96547477e-01 -8.30248546e-02 0.00000000e+00 : 0.00000000e+00 0.00000000e+00 1.00000000e+00
                  34 5.23183391e+00 1.95450635e+00 0.00000000e+00 : -9.93538347e-01 -1.13496933e-01 0.00000000e+00 : 0.00000000e+00 0.00000000e+00 1.00000000e+00
                  35 5.00000000e+00 1.92450090e+00 0.00000000e+00 : -9.89743319e-01 -1.42857143e-01 0.00000000e+00 : 0.00000000e+00 0.00000000e+00 1.00000000e+00
                  36 4.76124567e+00 1.88650444e+00 0.00000000e+00 : -9.85248786e-01 -1.71128107e-01 0.00000000e+00 : 0.00000000e+00 0.00000000e+00 1.00000000e+00
                  37 4.51557093e+00 1.84028195e+00 0.00000000e+00 : -9.80134160e-01 -1.98335645e-01 0.00000000e+00 : 0.00000000e+00 0.00000000e+00 1.00000000e+00
                  38 4.26297578e+00 1.78559839e+00 0.00000000e+00 : -9.74472234e-01 -2.24508050e-01 0.00000000e+00 : 0.00000000e+00 0.00000000e+00 1.00000000e+00
                  39 4.00346021e+00 1.72221874e+00 0.00000000e+00 : -9.68329573e-01 -2.49675465e-01 0.00000000e+00 : 0.00000000e+00 0.00000000e+00 1.00000000e+00
                  40 3.73702422e+00 1.64990795e+00 0.00000000e+00 : -9.61766906e-01 -2.73869347e-01 0.00000000e+00 : 0.00000000e+00 0.00000000e+00 1.00000000e+00
                  41 3.46366782e+00 1.56843102e+00 0.00000000e+00 : -9.54839521e-01 -2.97122011e-01 0.00000000e+00 : 0.00000000e+00 0.00000000e+00 1.00000000e+00
                  42 3.18339100e+00 1.47755290e+00 0.00000000e+00 : -9.47597655e-01 -3.19466248e-01 0.00000000e+00 : 0.00000000e+00 0.00000000e+00 1.00000000e+00
                  43 2.89619377e+00 1.37703856e+00 0.00000000e+00 : -9.40086869e-01 -3.40935006e-01 0.00000000e+00 : 0.00000000e+00 0.00000000e+00 1.00000000e+00
                  44 2.60207612e+00 1.26665298e+00 0.00000000e+00 : -9.32348410e-01 -3.61561119e-01 0.00000000e+00 : 0.00000000e+00 0.00000000e+00 1.00000000e+00
                  45 2.30103806e+00 1.14616113e+00 0.00000000e+00 : -9.24419553e-01 -3.81377096e-01 0.00000000e+00 : 0.00000000e+00 0.00000000e+00 1.00000000e+00
                  46 1.99307958e+00 1.01532797e+00 0.00000000e+00 : -9.16333933e-01 -4.00414938e-01 0.00000000e+00 : 0.00000000e+00 0.00000000e+00 1.00000000e+00
                  47 1.67820069e+00 8.73918482e-01 0.00000000e+00 : -9.08121845e-01 -4.18706001e-01 0.00000000e+00 : 0.00000000e+00 0.00000000e+00 1.00000000e+00
                  48 1.35640138e+00 7.21697629e-01 0.00000000e+00 : -8.99810530e-01 -4.36280884e-01 0.00000000e+00 : 0.00000000e+00 0.00000000e+00 1.00000000e+00
                  49 1.02768166e+00 5.58430385e-01 0.00000000e+00 : -8.91424446e-01 -4.53169347e-01 0.00000000e+00 : 0.00000000e+00 0.00000000e+00 1.00000000e+00
                  50 6.92041522e-01 3.83881718e-01 0.00000000e+00 : -8.82985510e-01 -4.69400245e-01 0.00000000e+00 : 0.00000000e+00 0.00000000e+00 1.00000000e+00
        $ELSYS RSYS
                   1 RSYS =        1
                   2 RSYS =        2
                   3 RSYS =        3
                   4 RSYS =        4
                   5 RSYS =        5
                   6 RSYS =        6
                   7 RSYS =        7
                   8 RSYS =        8
                   9 RSYS =        9
                  10 RSYS =       10
                  11 RSYS =       11
                  12 RSYS =       12
                  13 RSYS =       13
                  14 RSYS =       14
                  15 RSYS =       15
                  16 RSYS =       16
                  17 RSYS =       17
                  18 RSYS =       18
                  19 RSYS =       19
                  20 RSYS =       20
                  21 RSYS =       21
                  22 RSYS =       22
                  23 RSYS =       23
                  24 RSYS =       24
                  25 RSYS =       25
                  26 RSYS =       26
                  27 RSYS =       27
                  28 RSYS =       28
                  29 RSYS =       29
                  30 RSYS =       30
                  31 RSYS =       31
                  32 RSYS =       32
                  33 RSYS =       33
                  34 RSYS =       34
                  35 RSYS =       35
                  36 RSYS =       36
                  37 RSYS =       37
                  38 RSYS =       38
                  39 RSYS =       39
                  40 RSYS =       40
                  41 RSYS =       41
                  42 RSYS =       42
                  43 RSYS =       43
                  44 RSYS =       44
                  45 RSYS =       45
                  46 RSYS =       46
                  47 RSYS =       47
                  48 RSYS =       48
                  49 RSYS =       49
                  50 RSYS =       50
