$ENTER COMPONENT  NAME = DFLT_COMP  DOFTYPE = DISP MATH
!------
   $SITUATION  NAME = STEP_1
      DFLT_COMP  CONSTRAINTS = C_STEP_1  SYSTEM = S_STEP_1  LOADING = L_STEP_1
   $END SITUATION
!
   $STRUCTURE
!
      $ELEMENT TYPE = BEAM2
                1          1          7
                2          7          8
                3          8          2
                4          2          9
                5          9         10
                6         10         11
                7         11         12
                8         12         13
                9         13         14
               10         14         15
               11         15         16
               12         16         17
               13         17         18
               14         18         19
               15         19         20
               16         20         21
               17         21         22
               18         22         23
               19         23         24
               20         24         25
               21         25          3
               22          3         26
               23         26         27
               24         27         28
               25         28         29
               26         29         30
               27         30         31
               28         31         32
               29         32         33
               30         33         34
               31         34         35
               32         35         36
               33         36          4
               34          4         37
               35         37         38
               36         38         39
               37         39         40
               38         40         41
               39         41         42
               40         42         43
               41         43         44
               42         44         45
               43         45         46
               44         46         47
               45         47         48
               46         48         49
               47         49         50
               48         50          5
               49          5         51
               50         51         52
               51         52         53
               52         53         54
               53         54         55
               54         55          6
!
      $NSET NAME = SHAFT RULE = ESET
        SHAFT
!
      $ESET NAME = LINE1
                1          2          3
      $ESET NAME = LINE2
                4          5          6          7          8          9         10         11         12         13         14         15         16         17
               18         19         20         21
      $ESET NAME = LINE3
               22         23         24         25         26         27         28         29         30         31         32         33
      $ESET NAME = LINE4
               34         35         36         37         38         39         40         41         42         43         44         45         46         47
               48
      $ESET NAME = LINE5
               49         50         51         52         53         54
      $ESET NAME = SHAFT
                1          2          3          4          5          6          7          8          9         10         11         12         13         14
               15         16         17         18         19         20         21         22         23         24         25         26         27         28
               29         30         31         32         33         34         35         36         37         38         39         40         41         42
               43         44         45         46         47         48         49         50         51         52         53         54
!
      $COOR
                1  0.000000E+00  0.000000E+00  0.000000E+00
                2  0.000000E+00  0.000000E+00  3.000000E+01
                3  0.000000E+00  0.000000E+00  2.100000E+02
                4  0.000000E+00  0.000000E+00  3.300000E+02
                5  0.000000E+00  0.000000E+00  4.800000E+02
                6  0.000000E+00  0.000000E+00  5.400000E+02
                7  0.000000E+00  0.000000E+00  1.000000E+01
                8  0.000000E+00  0.000000E+00  2.000000E+01
                9  0.000000E+00  0.000000E+00  4.000000E+01
               10  0.000000E+00  0.000000E+00  5.000000E+01
               11  0.000000E+00  0.000000E+00  6.000000E+01
               12  0.000000E+00  0.000000E+00  7.000000E+01
               13  0.000000E+00  0.000000E+00  8.000000E+01
               14  0.000000E+00  0.000000E+00  9.000000E+01
               15  0.000000E+00  0.000000E+00  1.000000E+02
               16  0.000000E+00  0.000000E+00  1.100000E+02
               17  0.000000E+00  0.000000E+00  1.200000E+02
               18  0.000000E+00  0.000000E+00  1.300000E+02
               19  0.000000E+00  0.000000E+00  1.400000E+02
               20  0.000000E+00  0.000000E+00  1.500000E+02
               21  0.000000E+00  0.000000E+00  1.600000E+02
               22  0.000000E+00  0.000000E+00  1.700000E+02
               23  0.000000E+00  0.000000E+00  1.800000E+02
               24  0.000000E+00  0.000000E+00  1.900000E+02
               25  0.000000E+00  0.000000E+00  2.000000E+02
               26  0.000000E+00  0.000000E+00  2.200000E+02
               27  0.000000E+00  0.000000E+00  2.300000E+02
               28  0.000000E+00  0.000000E+00  2.400000E+02
               29  0.000000E+00  0.000000E+00  2.500000E+02
               30  0.000000E+00  0.000000E+00  2.600000E+02
               31  0.000000E+00  0.000000E+00  2.700000E+02
               32  0.000000E+00  0.000000E+00  2.800000E+02
               33  0.000000E+00  0.000000E+00  2.900000E+02
               34  0.000000E+00  0.000000E+00  3.000000E+02
               35  0.000000E+00  0.000000E+00  3.100000E+02
               36  0.000000E+00  0.000000E+00  3.200000E+02
               37  0.000000E+00  0.000000E+00  3.400000E+02
               38  0.000000E+00  0.000000E+00  3.500000E+02
               39  0.000000E+00  0.000000E+00  3.600000E+02
               40  0.000000E+00  0.000000E+00  3.700000E+02
               41  0.000000E+00  0.000000E+00  3.800000E+02
               42  0.000000E+00  0.000000E+00  3.900000E+02
               43  0.000000E+00  0.000000E+00  4.000000E+02
               44  0.000000E+00  0.000000E+00  4.100000E+02
               45  0.000000E+00  0.000000E+00  4.200000E+02
               46  0.000000E+00  0.000000E+00  4.300000E+02
               47  0.000000E+00  0.000000E+00  4.400000E+02
               48  0.000000E+00  0.000000E+00  4.500000E+02
               49  0.000000E+00  0.000000E+00  4.600000E+02
               50  0.000000E+00  0.000000E+00  4.700000E+02
               51  0.000000E+00  0.000000E+00  4.900000E+02
               52  0.000000E+00  0.000000E+00  5.000000E+02
               53  0.000000E+00  0.000000E+00  5.100000E+02
               54  0.000000E+00  0.000000E+00  5.200000E+02
               55  0.000000E+00  0.000000E+00  5.300000E+02
!
      $PART  NAME = LINE1
       LINE1
      $PART  NAME = LINE2
       LINE2
      $PART  NAME = LINE3
       LINE3
      $PART  NAME = LINE4
       LINE4
      $PART  NAME = LINE5
       LINE5
!
   $END STRUCTURE
!------
   $SYSTEM  NAME = S_STEP_1
!
   $END SYSTEM
!------
   $CONSTRAINTS  NAME = C_STEP_1
!
   $END CONSTRAINTS
!------
   $LOADING  NAME = L_STEP_1
!
   $END LOADING
!------
$EXIT COMPONENT
!------------------------------------
$FIN
