$ENTER COMPONENT  NAME = DFLT_COMP  DOFTYPE = DISP MATH
!------
   $SITUATION  NAME = STEP_1
      DFLT_COMP  CONSTRAINTS = C_STEP_1  SYSTEM = NSV
   $END SITUATION
!
   $SITUATION  NAME = STEP_2  PARENT = STEP_1
      DFLT_COMP  SYSTEM = NSV  LOADING = L_STEP_2  RESULTS = R_STEP_2
   $END SITUATION
!
   $SITUATION  NAME = STEP_3  PARENT = STEP_1
      DFLT_COMP  SYSTEM = NSV  LOADING = L_STEP_3  RESULTS = R_STEP_3
   $END SITUATION
!
   $SITUATION  NAME = STEP_4  PARENT = STEP_1
      DFLT_COMP  SYSTEM = NSV  LOADING = L_STEP_4  RESULTS = R_STEP_4
   $END SITUATION
!
   $SITUATION  NAME = STEP_5  PARENT = STEP_1
      DFLT_COMP  SYSTEM = NSV  LOADING = L_STEP_5  RESULTS = R_STEP_5
   $END SITUATION
!
   $SITUATION  NAME = STEP_6  PARENT = STEP_1
      DFLT_COMP  SYSTEM = NSV  LOADING = L_STEP_6  RESULTS = R_STEP_6
   $END SITUATION
!
   $STRUCTURE
!
      $ELEMENT TYPE = BEAM2
                1          1          7
                2          7          8
                3          8          9
                4          9         10
                5         10         11
                6         11         12
                7         12         13
                8         13         14
                9         14         15
               10         15         16
               11         16          2
               12          2         17
               13         17         18
               14         18         19
               15         19         20
               16         20         21
               17         21         22
               18         22         23
               19         23         24
               20         24         25
               21         25         26
               22         26         27
               23         27         28
               24         28         29
               25         29         30
               26         30         31
               27         31         32
               28         32         33
               29         33         34
               30         34         35
               31         35         36
               32         36         37
               33         37         38
               34         38          3
               35          3         39
               36         39         40
               37         40         41
               38         41         42
               39         42         43
               40         43         44
               41         44         45
               42         45         46
               43         46         47
               44         47         48
               45         48         49
               46         49         50
               47         50         51
               48         51         52
               49         52         53
               50         53         54
               51         54         55
               52         55          4
               53          4         56
               54         56         57
               55         57         58
               56         58         59
               57         59         60
               58         60         61
               59         61         62
               60         62         63
               61         63         64
               62         64         65
               63         65         66
               64         66         67
               65         67         68
               66         68         69
               67         69         70
               68         70         71
               69         71         72
               70         72         73
               71         73         74
               72         74         75
               73         75         76
               74         76         77
               75         77         78
               76         78         79
               77         79         80
               78         80         81
               79         81         82
               80         82          5
               81          5         83
               82         83         84
               83         84         85
               84         85         86
               85         86         87
               86         87         88
               87         88         89
               88         89         90
               89         90         91
               90         91         92
               91         92         93
               92         93         94
               93         94         95
               94         95         96
               95         96         97
               96         97         98
               97         98         99
               98         99        100
               99        100        101
              100        101        102
              101        102        103
              102        103        104
              103        104          6
!
      $ELSYS PREF
                1  1.320500E-01  0.000000E+00 -1.000000E+01
                2  1.383182E-01  0.000000E+00 -1.000000E+01
                3  1.445864E-01  0.000000E+00 -1.000000E+01
                4  1.508545E-01  0.000000E+00 -1.000000E+01
                5  1.571227E-01  0.000000E+00 -1.000000E+01
                6  1.633909E-01  0.000000E+00 -1.000000E+01
                7  1.696591E-01  0.000000E+00 -1.000000E+01
                8  1.759273E-01  0.000000E+00 -1.000000E+01
                9  1.821955E-01  0.000000E+00 -1.000000E+01
               10  1.884636E-01  0.000000E+00 -1.000000E+01
               11  1.947318E-01  0.000000E+00 -1.000000E+01
               12  2.010000E-01  0.000000E+00 -1.000000E+01
               13  2.074783E-01  0.000000E+00 -1.000000E+01
               14  2.139565E-01  0.000000E+00 -1.000000E+01
               15  2.204348E-01  0.000000E+00 -1.000000E+01
               16  2.269130E-01  0.000000E+00 -1.000000E+01
               17  2.333913E-01  0.000000E+00 -1.000000E+01
               18  2.398696E-01  0.000000E+00 -1.000000E+01
               19  2.463478E-01  0.000000E+00 -1.000000E+01
               20  2.528261E-01  0.000000E+00 -1.000000E+01
               21  2.593043E-01  0.000000E+00 -1.000000E+01
               22  2.657826E-01  0.000000E+00 -1.000000E+01
               23  2.722609E-01  0.000000E+00 -1.000000E+01
               24  2.787391E-01  0.000000E+00 -1.000000E+01
               25  2.852174E-01  0.000000E+00 -1.000000E+01
               26  2.916957E-01  0.000000E+00 -1.000000E+01
               27  2.981739E-01  0.000000E+00 -1.000000E+01
               28  3.046522E-01  0.000000E+00 -1.000000E+01
               29  3.111304E-01  0.000000E+00 -1.000000E+01
               30  3.176087E-01  0.000000E+00 -1.000000E+01
               31  3.240870E-01  0.000000E+00 -1.000000E+01
               32  3.305652E-01  0.000000E+00 -1.000000E+01
               33  3.370435E-01  0.000000E+00 -1.000000E+01
               34  3.435217E-01  0.000000E+00 -1.000000E+01
               35  3.500000E-01  0.000000E+00 -1.000000E+01
               36  3.565750E-01  0.000000E+00 -1.000000E+01
               37  3.631500E-01  0.000000E+00 -1.000000E+01
               38  3.697250E-01  0.000000E+00 -1.000000E+01
               39  3.763000E-01  0.000000E+00 -1.000000E+01
               40  3.828750E-01  0.000000E+00 -1.000000E+01
               41  3.894500E-01  0.000000E+00 -1.000000E+01
               42  3.960250E-01  0.000000E+00 -1.000000E+01
               43  4.026000E-01  0.000000E+00 -1.000000E+01
               44  4.091750E-01  0.000000E+00 -1.000000E+01
               45  4.157500E-01  0.000000E+00 -1.000000E+01
               46  4.223250E-01  0.000000E+00 -1.000000E+01
               47  4.289000E-01  0.000000E+00 -1.000000E+01
               48  4.354750E-01  0.000000E+00 -1.000000E+01
               49  4.420500E-01  0.000000E+00 -1.000000E+01
               50  4.486250E-01  0.000000E+00 -1.000000E+01
               51  4.552000E-01  0.000000E+00 -1.000000E+01
               52  4.617750E-01  0.000000E+00 -1.000000E+01
               53  4.683500E-01  0.000000E+00 -1.000000E+01
               54  4.748375E-01  0.000000E+00 -1.000000E+01
               55  4.813250E-01  0.000000E+00 -1.000000E+01
               56  4.878125E-01  0.000000E+00 -1.000000E+01
               57  4.943000E-01  0.000000E+00 -1.000000E+01
               58  5.007875E-01  0.000000E+00 -1.000000E+01
               59  5.072750E-01  0.000000E+00 -1.000000E+01
               60  5.137625E-01  0.000000E+00 -1.000000E+01
               61  5.202500E-01  0.000000E+00 -1.000000E+01
               62  5.267375E-01  0.000000E+00 -1.000000E+01
               63  5.332250E-01  0.000000E+00 -1.000000E+01
               64  5.397125E-01  0.000000E+00 -1.000000E+01
               65  5.462000E-01  0.000000E+00 -1.000000E+01
               66  5.526875E-01  0.000000E+00 -1.000000E+01
               67  5.591750E-01  0.000000E+00 -1.000000E+01
               68  5.656625E-01  0.000000E+00 -1.000000E+01
               69  5.721500E-01  0.000000E+00 -1.000000E+01
               70  5.786375E-01  0.000000E+00 -1.000000E+01
               71  5.851250E-01  0.000000E+00 -1.000000E+01
               72  5.916125E-01  0.000000E+00 -1.000000E+01
               73  5.981000E-01  0.000000E+00 -1.000000E+01
               74  6.045875E-01  0.000000E+00 -1.000000E+01
               75  6.110750E-01  0.000000E+00 -1.000000E+01
               76  6.175625E-01  0.000000E+00 -1.000000E+01
               77  6.240500E-01  0.000000E+00 -1.000000E+01
               78  6.305375E-01  0.000000E+00 -1.000000E+01
               79  6.370250E-01  0.000000E+00 -1.000000E+01
               80  6.435125E-01  0.000000E+00 -1.000000E+01
               81  6.500000E-01  0.000000E+00 -1.000000E+01
               82  6.565217E-01  0.000000E+00 -1.000000E+01
               83  6.630435E-01  0.000000E+00 -1.000000E+01
               84  6.695652E-01  0.000000E+00 -1.000000E+01
               85  6.760870E-01  0.000000E+00 -1.000000E+01
               86  6.826087E-01  0.000000E+00 -1.000000E+01
               87  6.891304E-01  0.000000E+00 -1.000000E+01
               88  6.956522E-01  0.000000E+00 -1.000000E+01
               89  7.021739E-01  0.000000E+00 -1.000000E+01
               90  7.086957E-01  0.000000E+00 -1.000000E+01
               91  7.152174E-01  0.000000E+00 -1.000000E+01
               92  7.217391E-01  0.000000E+00 -1.000000E+01
               93  7.282609E-01  0.000000E+00 -1.000000E+01
               94  7.347826E-01  0.000000E+00 -1.000000E+01
               95  7.413043E-01  0.000000E+00 -1.000000E+01
               96  7.478261E-01  0.000000E+00 -1.000000E+01
               97  7.543478E-01  0.000000E+00 -1.000000E+01
               98  7.608696E-01  0.000000E+00 -1.000000E+01
               99  7.673913E-01  0.000000E+00 -1.000000E+01
              100  7.739130E-01  0.000000E+00 -1.000000E+01
              101  7.804348E-01  0.000000E+00 -1.000000E+01
              102  7.869565E-01  0.000000E+00 -1.000000E+01
              103  7.934783E-01  0.000000E+00 -1.000000E+01
!
      $NSET NAME = ABA_NALL_INP
                1          2          3          4          5          6          7          8          9         10         11         12         13         14
               15         16         17         18         19         20         21         22         23         24         25         26         27         28
               29         30         31         32         33         34         35         36         37         38         39         40         41         42
               43         44         45         46         47         48         49         50         51         52         53         54         55         56
               57         58         59         60         61         62         63         64         65         66         67         68         69         70
               71         72         73         74         75         76         77         78         79         80         81         82         83         84
               85         86         87         88         89         90         91         92         93         94         95         96         97         98
               99        100        101        102        103        104
      $NSET NAME = BC
                1
      $NSET NAME = PONTO1
                2
      $NSET NAME = PONTO2
                3
      $NSET NAME = PONTO3
                4
      $NSET NAME = PONTO4
                5
      $NSET NAME = PONTO5
                6
      $NSET NAME = SET_1
                6
      $NSET NAME = VIGA_1._PICKEDSET2
                1          2          3          4          5          6          7          8          9         10         11         12         13         14
               15         16         17         18         19         20         21         22         23         24         25         26         27         28
               29         30         31         32         33         34         35         36         37         38         39         40         41         42
               43         44         45         46         47         48         49         50         51         52         53         54         55         56
               57         58         59         60         61         62         63         64         65         66         67         68         69         70
               71         72         73         74         75         76         77         78         79         80         81         82         83         84
               85         86         87         88         89         90         91         92         93         94         95         96         97         98
               99        100        101        102        103        104
      $NSET NAME = VIGA_1._PICKEDSET3
                1          2          3          4          5          6          7          8          9         10         11         12         13         14
               15         16         17         18         19         20         21         22         23         24         25         26         27         28
               29         30         31         32         33         34         35         36         37         38         39         40         41         42
               43         44         45         46         47         48         49         50         51         52         53         54         55         56
               57         58         59         60         61         62         63         64         65         66         67         68         69         70
               71         72         73         74         75         76         77         78         79         80         81         82         83         84
               85         86         87         88         89         90         91         92         93         94         95         96         97         98
               99        100        101        102        103        104
      $ESET NAME = VIGA_1._PICKEDSET2
                1          2          3          4          5          6          7          8          9         10         11         12         13         14
               15         16         17         18         19         20         21         22         23         24         25         26         27         28
               29         30         31         32         33         34         35         36         37         38         39         40         41         42
               43         44         45         46         47         48         49         50         51         52         53         54         55         56
               57         58         59         60         61         62         63         64         65         66         67         68         69         70
               71         72         73         74         75         76         77         78         79         80         81         82         83         84
               85         86         87         88         89         90         91         92         93         94         95         96         97         98
               99        100        101        102        103
      $ESET NAME = VIGA_1._PICKEDSET3
                1          2          3          4          5          6          7          8          9         10         11         12         13         14
               15         16         17         18         19         20         21         22         23         24         25         26         27         28
               29         30         31         32         33         34         35         36         37         38         39         40         41         42
               43         44         45         46         47         48         49         50         51         52         53         54         55         56
               57         58         59         60         61         62         63         64         65         66         67         68         69         70
               71         72         73         74         75         76         77         78         79         80         81         82         83         84
               85         86         87         88         89         90         91         92         93         94         95         96         97         98
               99        100        101        102        103
!
      $COOR
                1  1.320500E-01  0.000000E+00  0.000000E+00
                2  2.010000E-01  0.000000E+00  0.000000E+00
                3  3.500000E-01  0.000000E+00  0.000000E+00
                4  4.683500E-01  0.000000E+00  0.000000E+00
                5  6.500000E-01  0.000000E+00  0.000000E+00
                6  8.000000E-01  0.000000E+00  0.000000E+00
                7  1.383182E-01  0.000000E+00  0.000000E+00
                8  1.445864E-01  0.000000E+00  0.000000E+00
                9  1.508545E-01  0.000000E+00  0.000000E+00
               10  1.571227E-01  0.000000E+00  0.000000E+00
               11  1.633909E-01  0.000000E+00  0.000000E+00
               12  1.696591E-01  0.000000E+00  0.000000E+00
               13  1.759273E-01  0.000000E+00  0.000000E+00
               14  1.821955E-01  0.000000E+00  0.000000E+00
               15  1.884636E-01  0.000000E+00  0.000000E+00
               16  1.947318E-01  0.000000E+00  0.000000E+00
               17  2.074783E-01  0.000000E+00  0.000000E+00
               18  2.139565E-01  0.000000E+00  0.000000E+00
               19  2.204348E-01  0.000000E+00  0.000000E+00
               20  2.269130E-01  0.000000E+00  0.000000E+00
               21  2.333913E-01  0.000000E+00  0.000000E+00
               22  2.398696E-01  0.000000E+00  0.000000E+00
               23  2.463478E-01  0.000000E+00  0.000000E+00
               24  2.528261E-01  0.000000E+00  0.000000E+00
               25  2.593043E-01  0.000000E+00  0.000000E+00
               26  2.657826E-01  0.000000E+00  0.000000E+00
               27  2.722609E-01  0.000000E+00  0.000000E+00
               28  2.787391E-01  0.000000E+00  0.000000E+00
               29  2.852174E-01  0.000000E+00  0.000000E+00
               30  2.916957E-01  0.000000E+00  0.000000E+00
               31  2.981739E-01  0.000000E+00  0.000000E+00
               32  3.046522E-01  0.000000E+00  0.000000E+00
               33  3.111304E-01  0.000000E+00  0.000000E+00
               34  3.176087E-01  0.000000E+00  0.000000E+00
               35  3.240870E-01  0.000000E+00  0.000000E+00
               36  3.305652E-01  0.000000E+00  0.000000E+00
               37  3.370435E-01  0.000000E+00  0.000000E+00
               38  3.435217E-01  0.000000E+00  0.000000E+00
               39  3.565750E-01  0.000000E+00  0.000000E+00
               40  3.631500E-01  0.000000E+00  0.000000E+00
               41  3.697250E-01  0.000000E+00  0.000000E+00
               42  3.763000E-01  0.000000E+00  0.000000E+00
               43  3.828750E-01  0.000000E+00  0.000000E+00
               44  3.894500E-01  0.000000E+00  0.000000E+00
               45  3.960250E-01  0.000000E+00  0.000000E+00
               46  4.026000E-01  0.000000E+00  0.000000E+00
               47  4.091750E-01  0.000000E+00  0.000000E+00
               48  4.157500E-01  0.000000E+00  0.000000E+00
               49  4.223250E-01  0.000000E+00  0.000000E+00
               50  4.289000E-01  0.000000E+00  0.000000E+00
               51  4.354750E-01  0.000000E+00  0.000000E+00
               52  4.420500E-01  0.000000E+00  0.000000E+00
               53  4.486250E-01  0.000000E+00  0.000000E+00
               54  4.552000E-01  0.000000E+00  0.000000E+00
               55  4.617750E-01  0.000000E+00  0.000000E+00
               56  4.748375E-01  0.000000E+00  0.000000E+00
               57  4.813250E-01  0.000000E+00  0.000000E+00
               58  4.878125E-01  0.000000E+00  0.000000E+00
               59  4.943000E-01  0.000000E+00  0.000000E+00
               60  5.007875E-01  0.000000E+00  0.000000E+00
               61  5.072750E-01  0.000000E+00  0.000000E+00
               62  5.137625E-01  0.000000E+00  0.000000E+00
               63  5.202500E-01  0.000000E+00  0.000000E+00
               64  5.267375E-01  0.000000E+00  0.000000E+00
               65  5.332250E-01  0.000000E+00  0.000000E+00
               66  5.397125E-01  0.000000E+00  0.000000E+00
               67  5.462000E-01  0.000000E+00  0.000000E+00
               68  5.526875E-01  0.000000E+00  0.000000E+00
               69  5.591750E-01  0.000000E+00  0.000000E+00
               70  5.656625E-01  0.000000E+00  0.000000E+00
               71  5.721500E-01  0.000000E+00  0.000000E+00
               72  5.786375E-01  0.000000E+00  0.000000E+00
               73  5.851250E-01  0.000000E+00  0.000000E+00
               74  5.916125E-01  0.000000E+00  0.000000E+00
               75  5.981000E-01  0.000000E+00  0.000000E+00
               76  6.045875E-01  0.000000E+00  0.000000E+00
               77  6.110750E-01  0.000000E+00  0.000000E+00
               78  6.175625E-01  0.000000E+00  0.000000E+00
               79  6.240500E-01  0.000000E+00  0.000000E+00
               80  6.305375E-01  0.000000E+00  0.000000E+00
               81  6.370250E-01  0.000000E+00  0.000000E+00
               82  6.435125E-01  0.000000E+00  0.000000E+00
               83  6.565217E-01  0.000000E+00  0.000000E+00
               84  6.630435E-01  0.000000E+00  0.000000E+00
               85  6.695652E-01  0.000000E+00  0.000000E+00
               86  6.760870E-01  0.000000E+00  0.000000E+00
               87  6.826087E-01  0.000000E+00  0.000000E+00
               88  6.891304E-01  0.000000E+00  0.000000E+00
               89  6.956522E-01  0.000000E+00  0.000000E+00
               90  7.021739E-01  0.000000E+00  0.000000E+00
               91  7.086957E-01  0.000000E+00  0.000000E+00
               92  7.152174E-01  0.000000E+00  0.000000E+00
               93  7.217391E-01  0.000000E+00  0.000000E+00
               94  7.282609E-01  0.000000E+00  0.000000E+00
               95  7.347826E-01  0.000000E+00  0.000000E+00
               96  7.413043E-01  0.000000E+00  0.000000E+00
               97  7.478261E-01  0.000000E+00  0.000000E+00
               98  7.543478E-01  0.000000E+00  0.000000E+00
               99  7.608696E-01  0.000000E+00  0.000000E+00
              100  7.673913E-01  0.000000E+00  0.000000E+00
              101  7.739130E-01  0.000000E+00  0.000000E+00
              102  7.804348E-01  0.000000E+00  0.000000E+00
              103  7.869565E-01  0.000000E+00  0.000000E+00
              104  7.934783E-01  0.000000E+00  0.000000E+00
!
      $PART  NAME = VIGA_1._PICKEDSET2
       VIGA_1._PICKEDSET2
!
   $END STRUCTURE
!------
   $SYSTEM  NAME = NSV
!
      $GEODAT BEAM      CONT = SECTTYPE SECTDIM  SECTDIM  SECTDIM
       VIGA_1._PICKEDSET2          5
         &        :  1.265000E-02  5.080000E-02
         &        :  1.265000E-02  5.080000E-02
         &        :  1.265000E-02  5.080000E-02
!
      $ELPROP
       VIGA_1._PICKEDSET2  GEODAT = VIGA_1._PICKEDSET2  MATERIAL = ALUMINIO
!
      $MODDAMP  TYPE = RATIO  KIND = FUNCTION  DOFTYPE = DISP
        1.000000E+00,          1
!
   $END SYSTEM
!------
   $CONSTRAINTS  NAME = C_STEP_1
!
      $SUPPRESS  DOFS = 1,2,3,4,5,6  DOFTYPE = DISP
       BC
!
   $END CONSTRAINTS
!------
   $LOADING  NAME = L_STEP_2
!
      $CONLOAD  LPAT = 1  RSYS = 0  DOFTYPE = DISP
       PONTO1       3:  1.000000E+00
!
      $FREQLOAD  DOFTYPE = DISP
      LPAT =          1  TYPE = COSINE
!
   $END LOADING
!------
   $LOADING  NAME = L_STEP_3
!
      $CONLOAD  LPAT = 1  RSYS = 0  DOFTYPE = DISP
       PONTO2       3:  1.000000E+00
!
      $FREQLOAD  DOFTYPE = DISP
      LPAT =          1  TYPE = COSINE
!
   $END LOADING
!------
   $LOADING  NAME = L_STEP_4
!
      $CONLOAD  LPAT = 1  RSYS = 0  DOFTYPE = DISP
       PONTO3       3:  1.000000E+00
!
      $FREQLOAD  DOFTYPE = DISP
      LPAT =          1  TYPE = COSINE
!
   $END LOADING
!------
   $LOADING  NAME = L_STEP_5
!
      $CONLOAD  LPAT = 1  RSYS = 0  DOFTYPE = DISP
       PONTO4       3:  1.000000E+00
!
      $FREQLOAD  DOFTYPE = DISP
      LPAT =          1  TYPE = COSINE
!
   $END LOADING
!------
   $LOADING  NAME = L_STEP_6
!
      $CONLOAD  LPAT = 1  RSYS = 0  DOFTYPE = DISP
       PONTO5       3:  1.000000E+00
!
      $FREQLOAD  DOFTYPE = DISP
      LPAT =          1  TYPE = COSINE
!
   $END LOADING
!------
   $RESULTS  NAME = R_STEP_2
!
      $FREQUENCY  PRIMARY = EQUI  DOFTYPE = DISP
        0.000000E+00  5.000000E+02  1.562500E-01
!
   $END RESULTS
!------
   $RESULTS  NAME = R_STEP_3
!
      $FREQUENCY  PRIMARY = EQUI  DOFTYPE = DISP
        0.000000E+00  5.000000E+02  1.562500E-01
!
   $END RESULTS
!------
   $RESULTS  NAME = R_STEP_4
!
      $FREQUENCY  PRIMARY = EQUI  DOFTYPE = DISP
        0.000000E+00  5.000000E+02  1.562500E-01
!
   $END RESULTS
!------
   $RESULTS  NAME = R_STEP_5
!
      $FREQUENCY  PRIMARY = EQUI  DOFTYPE = DISP
        0.000000E+00  5.000000E+02  1.562500E-01
!
   $END RESULTS
!------
   $RESULTS  NAME = R_STEP_6
!
      $FREQUENCY  PRIMARY = EQUI  DOFTYPE = DISP
        0.000000E+00  5.000000E+02  1.562500E-01
!
   $END RESULTS
!------
$EXIT COMPONENT
!------------------------------------
$ENTER FUNCTION
!------
   $FUNCTION TABLE  FID =          1  EXTRA = CONST
      $COMMENT 'Modal Damping (direct) of Step 2'
     4.000000E-04 :  1.000000E+00
     4.435700E-03 :  2.500000E+01
     4.435700E-03 :  3.500000E+01
     4.000000E-04 :  4.000000E+01
     4.000000E-04 :  1.200000E+02
     1.921200E-03 :  1.250000E+02
     1.921200E-03 :  1.550000E+02
     4.000000E-04 :  1.600000E+02
     4.000000E-04 :  3.850000E+02
     8.722100E-04 :  3.900000E+02
     8.722100E-04 :  4.150000E+02
     4.000000E-04 :  4.200000E+02
     4.000000E-04 :  5.000000E+02
!------
$EXIT FUNCTION
!------------------------------------
$ENTER MATERIAL
!------
   $MATERIAL  NAME = ALUMINIO  TYPE = ISO
!
      $ELASTIC  GENERAL  INPUT = DATA
        6.900000E+10  3.300000E-01
!
      $DENSITY  GENERAL  INPUT = DATA
        2.700000E+03
!
   $END MATERIAL
!------
$EXIT MATERIAL
!------------------------------------
$FIN
