$ENTER COMPONENT  NAME = DFLT_COMP  DOFTYPE = DISP MATH
!------
   $SITUATION  NAME = STEP_1
      DFLT_COMP  CONSTRAINTS = C_STEP_1  SYSTEM = S_STEP_1  LOADING = L_STEP_1
   $END SITUATION
!
   $STRUCTURE
!
      $ELEMENT TYPE = BEAM2
                1          1          8
                2          8          9
                3          9         10
                4         10         11
                5         11         12
                6         12         13
                7         13         14
                8         14         15
                9         15         16
               10         16         17
               11         17         18
               12         18         19
               13         19          2
               14          2         20
               15         20         21
               16         21         22
               17         22         23
               18         23         24
               19         24         25
               20         25         26
               21         26         27
               22         27         28
               23         28         29
               24         29         30
               25         30         31
               26         31         32
               27         32         33
               28         33         34
               29         34         35
               30         35         36
               31         36          3
               32          3         37
               33         37         38
               34         38         39
               35         39         40
               36         40         41
               37         41         42
               38         42         43
               39         43         44
               40         44         45
               41         45         46
               42         46         47
               43         47         48
               44         48         49
               45         49         50
               46         50         51
               47         51          4
               48          4         52
               49         52         53
               50         53         54
               51         54         55
               52         55         56
               53         56         57
               54         57         58
               55         58         59
               56         59         60
               57         60         61
               58         61         62
               59         62         63
               60         63         64
               61         64         65
               62         65         66
               63         66         67
               64         67         68
               65         68         69
               66         69         70
               67         70         71
               68         71         72
               69         72         73
               70         73         74
               71         74          5
               72          5         75
               73         75         76
               74         76         77
               75         77         78
               76         78         79
               77         79         80
               78         80         81
               79         81         82
               80         82         83
               81         83         84
               82         84         85
               83         85         86
               84         86         87
               85         87         88
               86         88         89
               87         89         90
               88         90         91
               89         91         92
               90         92         93
               91         93          6
               92          6         94
               93         94         95
               94         95         96
               95         96         97
               96         97         98
               97         98         99
               98         99        100
               99        100        101
              100        101        102
              101        102        103
              102        103        104
              103        104        105
              104        105          7
!
      $NSET NAME = ABA_NALL_INP
                1          2          3          4          5          6          7          8          9         10         11         12         13         14
               15         16         17         18         19         20         21         22         23         24         25         26         27         28
               29         30         31         32         33         34         35         36         37         38         39         40         41         42
               43         44         45         46         47         48         49         50         51         52         53         54         55         56
               57         58         59         60         61         62         63         64         65         66         67         68         69         70
               71         72         73         74         75         76         77         78         79         80         81         82         83         84
               85         86         87         88         89         90         91         92         93         94         95         96         97         98
               99        100        101        102        103        104        105
      $ESET NAME = LINE1
                1          2          3          4          5          6          7          8          9         10         11         12         13
      $ESET NAME = LINE2
               14         15         16         17         18         19         20         21         22         23         24         25         26         27
               28         29         30         31
      $ESET NAME = LINE3
               32         33         34         35         36         37         38         39         40         41         42         43         44         45
               46         47
      $ESET NAME = LINE4
               48         49         50         51         52         53         54         55         56         57         58         59         60         61
               62         63         64         65         66         67         68         69         70         71
      $ESET NAME = LINE5
               72         73         74         75         76         77         78         79         80         81         82         83         84         85
               86         87         88         89         90         91
      $ESET NAME = LINE6
               92         93         94         95         96         97         98         99        100        101        102        103        104
      $ESET NAME = SHAFT
                1          2          3          4          5          6          7          8          9         10         11         12         13         14
               15         16         17         18         19         20         21         22         23         24         25         26         27         28
               29         30         31         32         33         34         35         36         37         38         39         40         41         42
               43         44         45         46         47         48         49         50         51         52         53         54         55         56
               57         58         59         60         61         62         63         64         65         66         67         68         69         70
               71         72         73         74         75         76         77         78         79         80         81         82         83         84
               85         86         87         88         89         90         91         92         93         94         95         96         97         98
               99        100        101        102        103        104
!
      $COOR
                1  0.000000E+00  0.000000E+00  0.000000E+00
                2  0.000000E+00  0.000000E+00  1.300000E+02
                3  0.000000E+00  0.000000E+00  3.100000E+02
                4  0.000000E+00  0.000000E+00  4.700000E+02
                5  0.000000E+00  0.000000E+00  7.100000E+02
                6  0.000000E+00  0.000000E+00  9.100000E+02
                7  0.000000E+00  0.000000E+00  1.040000E+03
                8  0.000000E+00  0.000000E+00  1.000000E+01
                9  0.000000E+00  0.000000E+00  2.000000E+01
               10  0.000000E+00  0.000000E+00  3.000000E+01
               11  0.000000E+00  0.000000E+00  4.000000E+01
               12  0.000000E+00  0.000000E+00  5.000000E+01
               13  0.000000E+00  0.000000E+00  6.000000E+01
               14  0.000000E+00  0.000000E+00  7.000000E+01
               15  0.000000E+00  0.000000E+00  8.000000E+01
               16  0.000000E+00  0.000000E+00  9.000000E+01
               17  0.000000E+00  0.000000E+00  1.000000E+02
               18  0.000000E+00  0.000000E+00  1.100000E+02
               19  0.000000E+00  0.000000E+00  1.200000E+02
               20  0.000000E+00  0.000000E+00  1.400000E+02
               21  0.000000E+00  0.000000E+00  1.500000E+02
               22  0.000000E+00  0.000000E+00  1.600000E+02
               23  0.000000E+00  0.000000E+00  1.700000E+02
               24  0.000000E+00  0.000000E+00  1.800000E+02
               25  0.000000E+00  0.000000E+00  1.900000E+02
               26  0.000000E+00  0.000000E+00  2.000000E+02
               27  0.000000E+00  0.000000E+00  2.100000E+02
               28  0.000000E+00  0.000000E+00  2.200000E+02
               29  0.000000E+00  0.000000E+00  2.300000E+02
               30  0.000000E+00  0.000000E+00  2.400000E+02
               31  0.000000E+00  0.000000E+00  2.500000E+02
               32  0.000000E+00  0.000000E+00  2.600000E+02
               33  0.000000E+00  0.000000E+00  2.700000E+02
               34  0.000000E+00  0.000000E+00  2.800000E+02
               35  0.000000E+00  0.000000E+00  2.900000E+02
               36  0.000000E+00  0.000000E+00  3.000000E+02
               37  0.000000E+00  0.000000E+00  3.200000E+02
               38  0.000000E+00  0.000000E+00  3.300000E+02
               39  0.000000E+00  0.000000E+00  3.400000E+02
               40  0.000000E+00  0.000000E+00  3.500000E+02
               41  0.000000E+00  0.000000E+00  3.600000E+02
               42  0.000000E+00  0.000000E+00  3.700000E+02
               43  0.000000E+00  0.000000E+00  3.800000E+02
               44  0.000000E+00  0.000000E+00  3.900000E+02
               45  0.000000E+00  0.000000E+00  4.000000E+02
               46  0.000000E+00  0.000000E+00  4.100000E+02
               47  0.000000E+00  0.000000E+00  4.200000E+02
               48  0.000000E+00  0.000000E+00  4.300000E+02
               49  0.000000E+00  0.000000E+00  4.400000E+02
               50  0.000000E+00  0.000000E+00  4.500000E+02
               51  0.000000E+00  0.000000E+00  4.600000E+02
               52  0.000000E+00  0.000000E+00  4.800000E+02
               53  0.000000E+00  0.000000E+00  4.900000E+02
               54  0.000000E+00  0.000000E+00  5.000000E+02
               55  0.000000E+00  0.000000E+00  5.100000E+02
               56  0.000000E+00  0.000000E+00  5.200000E+02
               57  0.000000E+00  0.000000E+00  5.300000E+02
               58  0.000000E+00  0.000000E+00  5.400000E+02
               59  0.000000E+00  0.000000E+00  5.500000E+02
               60  0.000000E+00  0.000000E+00  5.600000E+02
               61  0.000000E+00  0.000000E+00  5.700000E+02
               62  0.000000E+00  0.000000E+00  5.800000E+02
               63  0.000000E+00  0.000000E+00  5.900000E+02
               64  0.000000E+00  0.000000E+00  6.000000E+02
               65  0.000000E+00  0.000000E+00  6.100000E+02
               66  0.000000E+00  0.000000E+00  6.200000E+02
               67  0.000000E+00  0.000000E+00  6.300000E+02
               68  0.000000E+00  0.000000E+00  6.400000E+02
               69  0.000000E+00  0.000000E+00  6.500000E+02
               70  0.000000E+00  0.000000E+00  6.600000E+02
               71  0.000000E+00  0.000000E+00  6.700000E+02
               72  0.000000E+00  0.000000E+00  6.800000E+02
               73  0.000000E+00  0.000000E+00  6.900000E+02
               74  0.000000E+00  0.000000E+00  7.000000E+02
               75  0.000000E+00  0.000000E+00  7.200000E+02
               76  0.000000E+00  0.000000E+00  7.300000E+02
               77  0.000000E+00  0.000000E+00  7.400000E+02
               78  0.000000E+00  0.000000E+00  7.500000E+02
               79  0.000000E+00  0.000000E+00  7.600000E+02
               80  0.000000E+00  0.000000E+00  7.700000E+02
               81  0.000000E+00  0.000000E+00  7.800000E+02
               82  0.000000E+00  0.000000E+00  7.900000E+02
               83  0.000000E+00  0.000000E+00  8.000000E+02
               84  0.000000E+00  0.000000E+00  8.100000E+02
               85  0.000000E+00  0.000000E+00  8.200000E+02
               86  0.000000E+00  0.000000E+00  8.300000E+02
               87  0.000000E+00  0.000000E+00  8.400000E+02
               88  0.000000E+00  0.000000E+00  8.500000E+02
               89  0.000000E+00  0.000000E+00  8.600000E+02
               90  0.000000E+00  0.000000E+00  8.700000E+02
               91  0.000000E+00  0.000000E+00  8.800000E+02
               92  0.000000E+00  0.000000E+00  8.900000E+02
               93  0.000000E+00  0.000000E+00  9.000000E+02
               94  0.000000E+00  0.000000E+00  9.200000E+02
               95  0.000000E+00  0.000000E+00  9.300000E+02
               96  0.000000E+00  0.000000E+00  9.400000E+02
               97  0.000000E+00  0.000000E+00  9.500000E+02
               98  0.000000E+00  0.000000E+00  9.600000E+02
               99  0.000000E+00  0.000000E+00  9.700000E+02
              100  0.000000E+00  0.000000E+00  9.800000E+02
              101  0.000000E+00  0.000000E+00  9.900000E+02
              102  0.000000E+00  0.000000E+00  1.000000E+03
              103  0.000000E+00  0.000000E+00  1.010000E+03
              104  0.000000E+00  0.000000E+00  1.020000E+03
              105  0.000000E+00  0.000000E+00  1.030000E+03
!
      $PART  NAME = LINE1
       LINE1
      $PART  NAME = LINE2
       LINE2
      $PART  NAME = LINE3
       LINE3
      $PART  NAME = LINE4
       LINE4
      $PART  NAME = LINE5
       LINE5
      $PART  NAME = LINE6
       LINE6
!
   $END STRUCTURE
!------
   $SYSTEM  NAME = S_STEP_1
!
   $END SYSTEM
!------
   $CONSTRAINTS  NAME = C_STEP_1
!
   $END CONSTRAINTS
!------
   $LOADING  NAME = L_STEP_1
!
   $END LOADING
!------
$EXIT COMPONENT
!------------------------------------
$FIN
