$ENTER COMPONENT  NAME = DFLT_COMP  DOFTYPE = DISP MATH
!------
   $STRUCTURE
!
      $ELEMENT TYPE = PLOTL2
             3331       4804       4810
             3332       4801       4807
             3333       4804       4801
             3334       4804       4805
             3335       4805       4802
             3336       4805       4806
             3337       4806       4803
             3338       4801       4802
             3339       4802       4803
             3340       4810       4807
             3341       4810       4811
             3342       4811       4808
             3343       4811       4812
             3344       4812       4809
             3345       4807       4808
             3346       4808       4809
      $ELEMENT TYPE = PLOTA3
             3347       4804       4810       4807
             3348       4804       4807       4801
             3349       4804       4801       4805
             3350       4806       4805       4803
             3351       4805       4802       4803
             3352       4801       4802       4804
             3353       4802       4805       4804
             3354       4810       4807       4811
             3355       4812       4811       4809
             3356       4811       4808       4809
             3357       4807       4808       4810
             3358       4808       4811       4810
!
      $MPC ISURFACE  DPDOFS = 1,2,3  DPITYP = NODE  DOFTYPE = DISP
                1 OUTER       : MP
!
      $SURFACE ELEMENTS  LABEL = OUTER  SYSTEM = LOCAL
               31          5
               32          5
               33          5
               34          5
               35          5
               36          5
               37          5
               38          5
               39          5
               40          5
               41          5
               42          5
               43          5
               44          5
               45          5
               76          5
               77          5
               78          5
               79          5
               80          5
               81          5
               82          5
               83          5
               84          5
               85          5
               86          5
               87          5
               88          5
               89          5
               90          5
               91          2
               92          2
               93          2
               94          2
               95          2
               96          2
               97          2
               98          2
               99          2
              100          2
              101          2
              102          2
              103          2
              104          2
              105          2
              106          2
              107          2
              108          2
              109          2
              110          2
              111          2
              112          2
              113          2
              114          2
              115          2
              116          2
              117          2
              118          2
              119          2
              120          2
              121          2
              121          5
              122          2
              122          5
              123          2
              123          5
              124          2
              124          5
              125          2
              125          5
              126          2
              126          5
              127          2
              127          5
              128          2
              128          5
              129          2
              129          5
              130          2
              130          5
              131          2
              131          5
              132          2
              132          5
              133          2
              133          5
              134          2
              134          5
              135          2
              135          5
              556          2
              557          2
              558          2
              559          2
              560          2
              561          2
              562          2
              563          2
              564          2
              565          2
              566          2
              567          2
              568          2
              569          2
              570          2
              571          2
              572          2
              573          2
              574          2
              575          2
              576          2
              577          2
              578          2
              579          2
              580          2
              581          2
              582          2
              583          2
              584          2
              585          2
              586          2
              587          2
              588          2
              589          2
              590          2
              591          2
              592          2
              593          2
              594          2
              595          2
              596          2
              597          2
              598          2
              599          2
              600          2
              601          2
              602          2
              603          2
              604          2
              605          2
              606          2
              607          2
              608          2
              609          2
              610          2
              611          2
              612          2
              613          2
              614          2
              615          2
              616          2
              617          2
              618          2
              619          2
              620          2
              621          2
              622          2
              623          2
              624          2
              625          2
              626          2
              627          2
              628          2
              629          2
              630          2
              631          2
              632          2
              633          2
              634          2
              635          2
              636          2
              637          2
              638          2
              639          2
              640          2
              641          2
              642          2
              643          2
              644          2
              645          2
              646          2
              647          2
              648          2
              649          2
              650          2
              651          2
              652          2
              653          2
              654          2
              655          2
              656          2
              657          2
              658          2
              659          2
              660          2
              661          2
              662          2
              663          2
              664          2
              665          2
              666          2
              667          2
              668          2
              669          2
              670          2
              671          2
              672          2
              673          2
              674          2
              675          2
              676          2
              677          2
              678          2
              679          2
              680          2
              681          2
              682          2
              683          2
              684          2
              685          2
              686          2
              687          2
              688          2
              689          2
              690          2
              691          2
              692          2
              693          2
              694          2
              695          2
              696          2
              697          2
              698          2
              699          2
              700          2
              701          2
              702          2
              703          2
              704          2
              705          2
              706          2
              707          2
              708          2
              709          2
              710          2
              711          2
              712          2
              713          2
              714          2
              715          2
              716          2
              717          2
              718          2
              719          2
              720          2
              721          2
              722          2
              723          2
              724          2
              725          2
              726          2
              727          2
              728          2
              729          2
              730          2
              731          2
              732          2
              733          2
              734          2
              735          2
              736          2
              737          2
              738          2
              739          2
              740          2
              741          2
              742          2
              743          2
              744          2
              745          2
              746          2
              747          2
              748          2
              749          2
              750          2
              751          2
              752          2
              753          2
              754          2
              755          2
              756          2
              757          2
              758          2
              759          2
              760          2
              761          2
              762          2
              763          2
              764          2
              765          2
              796          5
              797          5
              798          5
              799          5
              800          5
              801          5
              802          5
              803          5
              804          5
              805          5
              806          5
              807          5
              808          5
              809          5
              810          5
              841          5
              842          5
              843          5
              844          5
              845          5
              846          5
              847          5
              848          5
              849          5
              850          5
              851          5
              852          5
              853          5
              854          5
              855          5
              886          5
              887          5
              888          5
              889          5
              890          5
              891          5
              892          5
              893          5
              894          5
              895          5
              896          5
              897          5
              898          5
              899          5
              900          5
              931          5
              932          5
              933          5
              934          5
              935          5
              936          5
              937          5
              938          5
              939          5
              940          5
              941          5
              942          5
              943          5
              944          5
              945          5
              976          5
              977          5
              978          5
              979          5
              980          5
              981          5
              982          5
              983          5
              984          5
              985          5
              986          5
              987          5
              988          5
              989          5
              990          5
             1021          5
             1022          5
             1023          5
             1024          5
             1025          5
             1026          5
             1027          5
             1028          5
             1029          5
             1030          5
             1031          5
             1032          5
             1033          5
             1034          5
             1035          5
             1066          5
             1067          5
             1068          5
             1069          5
             1070          5
             1071          5
             1072          5
             1073          5
             1074          5
             1075          5
             1076          5
             1077          5
             1078          5
             1079          5
             1080          5
             1111          5
             1112          5
             1113          5
             1114          5
             1115          5
             1116          5
             1117          5
             1118          5
             1119          5
             1120          5
             1121          5
             1122          5
             1123          5
             1124          5
             1125          5
             1156          5
             1157          5
             1158          5
             1159          5
             1160          5
             1161          5
             1162          5
             1163          5
             1164          5
             1165          5
             1166          5
             1167          5
             1168          5
             1169          5
             1170          5
             1201          5
             1202          5
             1203          5
             1204          5
             1205          5
             1206          5
             1207          5
             1208          5
             1209          5
             1210          5
             1211          5
             1212          5
             1213          5
             1214          5
             1215          5
             1216          4
             1217          4
             1218          4
             1219          4
             1220          4
             1221          4
             1222          4
             1223          4
             1224          4
             1225          4
             1226          4
             1227          4
             1228          4
             1229          4
             1230          4
             1231          4
             1232          4
             1233          4
             1234          4
             1235          4
             1236          4
             1237          4
             1238          4
             1239          4
             1240          4
             1241          4
             1242          4
             1243          4
             1244          4
             1245          4
             1246          4
             1246          5
             1247          4
             1247          5
             1248          4
             1248          5
             1249          4
             1249          5
             1250          4
             1250          5
             1251          4
             1251          5
             1252          4
             1252          5
             1253          4
             1253          5
             1254          4
             1254          5
             1255          4
             1255          5
             1256          4
             1256          5
             1257          4
             1257          5
             1258          4
             1258          5
             1259          4
             1259          5
             1260          4
             1260          5
             1291          5
             1292          5
             1293          5
             1294          5
             1295          5
             1296          5
             1297          5
             1298          5
             1299          5
             1300          5
             1301          5
             1302          5
             1303          5
             1304          5
             1305          5
             1336          5
             1337          5
             1338          5
             1339          5
             1340          5
             1341          5
             1342          5
             1343          5
             1344          5
             1345          5
             1346          5
             1347          5
             1348          5
             1349          5
             1350          5
             1801          2
             1802          2
             1803          2
             1804          2
             1805          2
             1806          2
             1807          2
             1808          2
             1809          2
             1810          2
             1811          2
             1812          2
             1813          2
             1814          2
             1815          2
             1816          2
             1817          2
             1818          2
             1819          2
             1820          2
             1821          2
             1822          2
             1823          2
             1824          2
             1825          2
             1826          2
             1827          2
             1828          2
             1829          2
             1830          2
             1831          2
             1832          2
             1833          2
             1834          2
             1835          2
             1836          2
             1837          2
             1838          2
             1839          2
             1840          2
             1841          2
             1842          2
             1843          2
             1844          2
             1845          2
             1846          2
             1847          2
             1848          2
             1849          2
             1850          2
             1851          2
             1852          2
             1853          2
             1854          2
             1855          2
             1856          2
             1857          2
             1858          2
             1859          2
             1860          2
             1861          2
             1862          2
             1863          2
             1864          2
             1865          2
             1866          2
             1867          2
             1868          2
             1869          2
             1870          2
             1871          2
             1872          2
             1873          2
             1874          2
             1875          2
             1876          2
             1877          2
             1878          2
             1879          2
             1880          2
             1881          2
             1882          2
             1883          2
             1884          2
             1885          2
             1886          2
             1887          2
             1888          2
             1889          2
             1890          2
             1891          2
             1892          2
             1893          2
             1894          2
             1895          2
             1896          2
             1897          2
             1898          2
             1899          2
             1900          2
             1901          2
             1902          2
             1903          2
             1904          2
             1905          2
             1906          2
             1907          2
             1908          2
             1909          2
             1910          2
             1911          2
             1912          2
             1913          2
             1914          2
             1915          2
             1916          2
             1917          2
             1918          2
             1919          2
             1920          2
             1921          2
             1922          2
             1923          2
             1924          2
             1925          2
             1926          2
             1927          2
             1928          2
             1929          2
             1930          2
             1931          2
             1932          2
             1933          2
             1934          2
             1935          2
             1936          2
             1937          2
             1938          2
             1939          2
             1940          2
             1941          2
             1942          2
             1943          2
             1944          2
             1945          2
             1946          2
             1947          2
             1948          2
             1949          2
             1950          2
             1951          2
             1952          2
             1953          2
             1954          2
             1955          2
             1956          2
             1957          2
             1958          2
             1959          2
             1960          2
             1961          2
             1962          2
             1963          2
             1964          2
             1965          2
             1966          2
             1967          2
             1968          2
             1969          2
             1970          2
             1971          2
             1972          2
             1973          2
             1974          2
             1975          2
             1976          2
             1977          2
             1978          2
             1979          2
             1980          2
             1981          2
             1982          2
             1983          2
             1984          2
             1985          2
             1986          2
             1987          2
             1988          2
             1989          2
             1990          2
             1991          2
             1992          2
             1993          2
             1994          2
             1995          2
             1996          2
             1997          2
             1998          2
             1999          2
             2000          2
             2001          2
             2002          2
             2003          2
             2004          2
             2005          2
             2006          2
             2007          2
             2008          2
             2009          2
             2010          2
             2011          2
             2012          2
             2013          2
             2014          2
             2015          2
             2016          2
             2017          2
             2018          2
             2019          2
             2020          2
             2021          2
             2022          2
             2023          2
             2024          2
             2025          2
             2026          4
             2027          4
             2028          4
             2029          4
             2030          4
             2031          4
             2032          4
             2033          4
             2034          4
             2035          4
             2036          4
             2037          4
             2038          4
             2039          4
             2040          4
             2041          4
             2042          4
             2043          4
             2044          4
             2045          4
             2046          4
             2047          4
             2048          4
             2049          4
             2050          4
             2051          4
             2052          4
             2053          4
             2054          4
             2055          4
             2056          4
             2057          4
             2058          4
             2059          4
             2060          4
             2061          4
             2062          4
             2063          4
             2064          4
             2065          4
             2066          4
             2067          4
             2068          4
             2069          4
             2070          4
             2071          4
             2072          4
             2073          4
             2074          4
             2075          4
             2076          4
             2077          4
             2078          4
             2079          4
             2080          4
             2081          4
             2082          4
             2083          4
             2084          4
             2085          4
             2086          4
             2087          4
             2088          4
             2089          4
             2090          4
             2091          4
             2092          4
             2093          4
             2094          4
             2095          4
             2096          4
             2097          4
             2098          4
             2099          4
             2100          4
             2101          4
             2102          4
             2103          4
             2104          4
             2105          4
             2106          4
             2107          4
             2108          4
             2109          4
             2110          4
             2111          4
             2112          4
             2113          4
             2114          4
             2115          4
             2116          4
             2117          4
             2118          4
             2119          4
             2120          4
             2121          4
             2122          4
             2123          4
             2124          4
             2125          4
             2126          4
             2127          4
             2128          4
             2129          4
             2130          4
             2131          4
             2132          4
             2133          4
             2134          4
             2135          4
             2136          4
             2137          4
             2138          4
             2139          4
             2140          4
             2141          4
             2142          4
             2143          4
             2144          4
             2145          4
             2146          4
             2147          4
             2148          4
             2149          4
             2150          4
             2151          4
             2152          4
             2153          4
             2154          4
             2155          4
             2156          4
             2157          4
             2158          4
             2159          4
             2160          4
             2161          4
             2162          4
             2163          4
             2164          4
             2165          4
             2166          4
             2167          4
             2168          4
             2169          4
             2170          4
             2171          4
             2172          4
             2173          4
             2174          4
             2175          4
             2176          4
             2177          4
             2178          4
             2179          4
             2180          4
             2181          4
             2182          4
             2183          4
             2184          4
             2185          4
             2186          4
             2187          4
             2188          4
             2189          4
             2190          4
             2191          4
             2192          4
             2193          4
             2194          4
             2195          4
             2196          4
             2197          4
             2198          4
             2199          4
             2200          4
             2201          4
             2202          4
             2203          4
             2204          4
             2205          4
             2206          4
             2207          4
             2208          4
             2209          4
             2210          4
             2211          4
             2212          4
             2213          4
             2214          4
             2215          4
             2216          4
             2217          4
             2218          4
             2219          4
             2220          4
             2221          4
             2222          4
             2223          4
             2224          4
             2225          4
             2226          4
             2227          4
             2228          4
             2229          4
             2230          4
             2231          4
             2232          4
             2233          4
             2234          4
             2235          4
             2656          4
             2657          4
             2658          4
             2659          4
             2660          4
             2661          4
             2662          4
             2663          4
             2664          4
             2665          4
             2666          4
             2667          4
             2668          4
             2669          4
             2670          4
             2671          4
             2672          4
             2673          4
             2674          4
             2675          4
             2676          4
             2677          4
             2678          4
             2679          4
             2680          4
             2681          4
             2682          4
             2683          4
             2684          4
             2685          4
             2686          4
             2687          4
             2688          4
             2689          4
             2690          4
             2691          4
             2692          4
             2693          4
             2694          4
             2695          4
             2696          4
             2697          4
             2698          4
             2699          4
             2700          4
             2701          4
             2702          4
             2703          4
             2704          4
             2705          4
             2706          4
             2707          4
             2708          4
             2709          4
             2710          4
             2711          4
             2712          4
             2713          4
             2714          4
             2715          4
             2716          4
             2717          4
             2718          4
             2719          4
             2720          4
             2721          4
             2722          4
             2723          4
             2724          4
             2725          4
             2726          4
             2727          4
             2728          4
             2729          4
             2730          4
             2731          4
             2732          4
             2733          4
             2734          4
             2735          4
             2736          4
             2737          4
             2738          4
             2739          4
             2740          4
             2741          4
             2742          4
             2743          4
             2744          4
             2745          4
             2746          4
             2747          4
             2748          4
             2749          4
             2750          4
             2751          4
             2752          4
             2753          4
             2754          4
             2755          4
             2756          4
             2757          4
             2758          4
             2759          4
             2760          4
             2761          4
             2762          4
             2763          4
             2764          4
             2765          4
             2766          4
             2767          4
             2768          4
             2769          4
             2770          4
             2771          4
             2772          4
             2773          4
             2774          4
             2775          4
             2776          4
             2777          4
             2778          4
             2779          4
             2780          4
             2781          4
             2782          4
             2783          4
             2784          4
             2785          4
             2786          4
             2787          4
             2788          4
             2789          4
             2790          4
             2791          4
             2792          4
             2793          4
             2794          4
             2795          4
             2796          4
             2797          4
             2798          4
             2799          4
             2800          4
             2801          4
             2802          4
             2803          4
             2804          4
             2805          4
             2806          4
             2807          4
             2808          4
             2809          4
             2810          4
             2811          4
             2812          4
             2813          4
             2814          4
             2815          4
             2816          4
             2817          4
             2818          4
             2819          4
             2820          4
             2821          4
             2822          4
             2823          4
             2824          4
             2825          4
             2826          4
             2827          4
             2828          4
             2829          4
             2830          4
             2831          4
             2832          4
             2833          4
             2834          4
             2835          4
             2836          4
             2837          4
             2838          4
             2839          4
             2840          4
             2841          4
             2842          4
             2843          4
             2844          4
             2845          4
             2846          4
             2847          4
             2848          4
             2849          4
             2850          4
             2851          4
             2852          4
             2853          4
             2854          4
             2855          4
             2856          4
             2857          4
             2858          4
             2859          4
             2860          4
             2861          4
             2862          4
             2863          4
             2864          4
             2865          4
             2866          4
             2867          4
             2868          4
             2869          4
             2870          4
             2871          4
             2872          4
             2873          4
             2874          4
             2875          4
             2876          4
             2877          4
             2878          4
             2879          4
             2880          4
!
      $NSET NAME = MP
             4801       4802       4803       4804       4805       4806       4807       4808       4809       4810       4811       4812
!
      $COOR
             4801  0.000000E+00 -1.500000E+02  0.000000E+00
             4802  3.330670E-14 -1.500000E+02 -1.500000E+02
             4803  6.661340E-14 -1.500000E+02 -3.000000E+02
             4804  0.000000E+00  0.000000E+00  0.000000E+00
             4805  3.330670E-14  0.000000E+00 -1.500000E+02
             4806  6.661340E-14  0.000000E+00 -3.000000E+02
             4807  1.200000E+02 -1.500000E+02  2.664540E-14
             4808  1.200000E+02 -1.500000E+02 -1.500000E+02
             4809  1.200000E+02 -1.500000E+02 -3.000000E+02
             4810  1.200000E+02  0.000000E+00  2.664540E-14
             4811  1.200000E+02  0.000000E+00 -1.500000E+02
             4812  1.200000E+02  0.000000E+00 -3.000000E+02
             4813  4.662940E-14 -3.000000E+01 -2.100000E+02
             4814  1.200000E+02 -1.200000E+02 -2.100000E+02
!
   $END STRUCTURE
!------
$EXIT COMPONENT
!------------------------------------
$FIN
