$ENTER COMPONENT  NAME = DFLT_COMP  DOFTYPE = DISP MATH
!------
   $SITUATION  NAME = STEP_1
      DFLT_COMP  CONSTRAINTS = C_STEP_1  SYSTEM = S_STEP_1  LOADING = L_STEP_1
   $END SITUATION
!
   $SITUATION  NAME = STEP_2
      DFLT_COMP  CONSTRAINTS = C_STEP_1  SYSTEM = S_STEP_2
   $END SITUATION
!
   $SITUATION  NAME = STEP_3  PARENT = STEP_2
      DFLT_COMP  SYSTEM = S_STEP_2  RESULTS = R_STEP_3
   $END SITUATION
!
   $STRUCTURE
!
      $ELEMENT TYPE = BECOS
                1          1          7
                2          7          8
                3          8          9
                4          9         10
                5         10         11
                6         11         12
                7         12         13
                8         13         14
                9         14         15
               10         15          2
               11          2         16
               12         16         17
               13         17         18
               14         18         19
               15         19         20
               16         20         21
               17         21         22
               18         22         23
               19         23         24
               20         24          3
               21          3         25
               22         25         26
               23         26         27
               24         27         28
               25         28         29
               26         29         30
               27         30         31
               28         31         32
               29         32         33
               30         33         34
               31         34         35
               32         35         36
               33         36         37
               34         37         38
               35         38         39
               36         39         40
               37         40         41
               38         41         42
               39         42         43
               40         43         44
               41         44         45
               42         45         46
               43         46         47
               44         47         48
               45         48         49
               46         49         50
               47         50         51
               48         51         52
               49         52         53
               50         53          4
               51          4         54
               52         54         55
               53         55         56
               54         56         57
               55         57         58
               56         58         59
               57         59         60
               58         60         61
               59         61         62
               60         62          5
               61          5         63
               62         63         64
               63         64         65
               64         65         66
               65         66         67
               66         67         68
               67         68         69
               68         69         70
               69         70         71
               70         71          6
      $ELEMENT TYPE = MASS6
               71          6
      $ELEMENT TYPE = SPRING3
               72          2         72
               73          5         73
      $ELEMENT TYPE = DAMP3
               74          2         72
               75          5         73
!
      $RSYS CART  FORM = ZX
                1  0.000000E+00  0.000000E+00  0.000000E+00 :  1.000000E+02  0.000000E+00  0.000000E+00 :  0.000000E+00  0.000000E+00  1.000000E+02
!
      $ELSYS RSYS
       SHAFT         RSYS =          1  AXES =  1,  2
!
      $NSET NAME = ABA_NALL_INP
                1          2          3          4          5          6          7          8          9         10         11         12         13         14
               15         16         17         18         19         20         21         22         23         24         25         26         27         28
               29         30         31         32         33         34         35         36         37         38         39         40         41         42
               43         44         45         46         47         48         49         50         51         52         53         54         55         56
               57         58         59         60         61         62         63         64         65         66         67         68         69         70
               71
      $NSET NAME = GROUND
               72         73
      $NSET NAME = SHAFT
                1          2          3          4          5          6          7          8          9         10         11         12         13         14
               15         16         17         18         19         20         21         22         23         24         25         26         27         28
               29         30         31         32         33         34         35         36         37         38         39         40         41         42
               43         44         45         46         47         48         49         50         51         52         53         54         55         56
               57         58         59         60         61         62         63         64         65         66         67         68         69         70
               71
      $ESET NAME = DAMPER
               74         75
      $ESET NAME = DISK
               71
      $ESET NAME = LINE1
                1          2          3          4          5          6          7          8          9         10
      $ESET NAME = LINE2
               11         12         13         14         15         16         17         18         19         20
      $ESET NAME = LINE3
               21         22         23         24         25         26         27         28         29         30         31         32         33         34
               35         36         37         38         39         40         41         42         43         44         45         46         47         48
               49         50
      $ESET NAME = LINE4
               51         52         53         54         55         56         57         58         59         60
      $ESET NAME = LINE5
               61         62         63         64         65         66         67         68         69         70
      $ESET NAME = ROTOR
                1          2          3          4          5          6          7          8          9         10         11         12         13         14
               15         16         17         18         19         20         21         22         23         24         25         26         27         28
               29         30         31         32         33         34         35         36         37         38         39         40         41         42
               43         44         45         46         47         48         49         50         51         52         53         54         55         56
               57         58         59         60         61         62         63         64         65         66         67         68         69         70
               71
      $ESET NAME = SHAFT
                1          2          3          4          5          6          7          8          9         10         11         12         13         14
               15         16         17         18         19         20         21         22         23         24         25         26         27         28
               29         30         31         32         33         34         35         36         37         38         39         40         41         42
               43         44         45         46         47         48         49         50         51         52         53         54         55         56
               57         58         59         60         61         62         63         64         65         66         67         68         69         70
      $ESET NAME = SPRING
               72         73
!
      $COOR
                1  0.000000E+00  0.000000E+00  0.000000E+00
                2  5.000000E+01  0.000000E+00  0.000000E+00
                3  1.000000E+02  0.000000E+00  0.000000E+00
                4  2.500000E+02  0.000000E+00  0.000000E+00
                5  3.000000E+02  0.000000E+00  0.000000E+00
                6  3.500000E+02  0.000000E+00  0.000000E+00
                7  5.000000E+00  0.000000E+00  0.000000E+00
                8  1.000000E+01  0.000000E+00  0.000000E+00
                9  1.500000E+01  0.000000E+00  0.000000E+00
               10  2.000000E+01  0.000000E+00  0.000000E+00
               11  2.500000E+01  0.000000E+00  0.000000E+00
               12  3.000000E+01  0.000000E+00  0.000000E+00
               13  3.500000E+01  0.000000E+00  0.000000E+00
               14  4.000000E+01  0.000000E+00  0.000000E+00
               15  4.500000E+01  0.000000E+00  0.000000E+00
               16  5.500000E+01  0.000000E+00  0.000000E+00
               17  6.000000E+01  0.000000E+00  0.000000E+00
               18  6.500000E+01  0.000000E+00  0.000000E+00
               19  7.000000E+01  0.000000E+00  0.000000E+00
               20  7.500000E+01  0.000000E+00  0.000000E+00
               21  8.000000E+01  0.000000E+00  0.000000E+00
               22  8.500000E+01  0.000000E+00  0.000000E+00
               23  9.000000E+01  0.000000E+00  0.000000E+00
               24  9.500000E+01  0.000000E+00  0.000000E+00
               25  1.050000E+02  0.000000E+00  0.000000E+00
               26  1.100000E+02  0.000000E+00  0.000000E+00
               27  1.150000E+02  0.000000E+00  0.000000E+00
               28  1.200000E+02  0.000000E+00  0.000000E+00
               29  1.250000E+02  0.000000E+00  0.000000E+00
               30  1.300000E+02  0.000000E+00  0.000000E+00
               31  1.350000E+02  0.000000E+00  0.000000E+00
               32  1.400000E+02  0.000000E+00  0.000000E+00
               33  1.450000E+02  0.000000E+00  0.000000E+00
               34  1.500000E+02  0.000000E+00  0.000000E+00
               35  1.550000E+02  0.000000E+00  0.000000E+00
               36  1.600000E+02  0.000000E+00  0.000000E+00
               37  1.650000E+02  0.000000E+00  0.000000E+00
               38  1.700000E+02  0.000000E+00  0.000000E+00
               39  1.750000E+02  0.000000E+00  0.000000E+00
               40  1.800000E+02  0.000000E+00  0.000000E+00
               41  1.850000E+02  0.000000E+00  0.000000E+00
               42  1.900000E+02  0.000000E+00  0.000000E+00
               43  1.950000E+02  0.000000E+00  0.000000E+00
               44  2.000000E+02  0.000000E+00  0.000000E+00
               45  2.050000E+02  0.000000E+00  0.000000E+00
               46  2.100000E+02  0.000000E+00  0.000000E+00
               47  2.150000E+02  0.000000E+00  0.000000E+00
               48  2.200000E+02  0.000000E+00  0.000000E+00
               49  2.250000E+02  0.000000E+00  0.000000E+00
               50  2.300000E+02  0.000000E+00  0.000000E+00
               51  2.350000E+02  0.000000E+00  0.000000E+00
               52  2.400000E+02  0.000000E+00  0.000000E+00
               53  2.450000E+02  0.000000E+00  0.000000E+00
               54  2.550000E+02  0.000000E+00  0.000000E+00
               55  2.600000E+02  0.000000E+00  0.000000E+00
               56  2.650000E+02  0.000000E+00  0.000000E+00
               57  2.700000E+02  0.000000E+00  0.000000E+00
               58  2.750000E+02  0.000000E+00  0.000000E+00
               59  2.800000E+02  0.000000E+00  0.000000E+00
               60  2.850000E+02  0.000000E+00  0.000000E+00
               61  2.900000E+02  0.000000E+00  0.000000E+00
               62  2.950000E+02  0.000000E+00  0.000000E+00
               63  3.050000E+02  0.000000E+00  0.000000E+00
               64  3.100000E+02  0.000000E+00  0.000000E+00
               65  3.150000E+02  0.000000E+00  0.000000E+00
               66  3.200000E+02  0.000000E+00  0.000000E+00
               67  3.250000E+02  0.000000E+00  0.000000E+00
               68  3.300000E+02  0.000000E+00  0.000000E+00
               69  3.350000E+02  0.000000E+00  0.000000E+00
               70  3.400000E+02  0.000000E+00  0.000000E+00
               71  3.450000E+02  0.000000E+00  0.000000E+00
               72  5.000000E+01  0.000000E+00  0.000000E+00
               73  3.000000E+02  0.000000E+00  0.000000E+00
!
      $PART  NAME = LINE1
       LINE1
      $PART  NAME = LINE2
       LINE2
      $PART  NAME = LINE3
       LINE3
      $PART  NAME = LINE4
       LINE4
      $PART  NAME = LINE5
       LINE5
      $PART  NAME = DISK
       DISK
      $PART  NAME = SPRING
       SPRING
      $PART  NAME = DAMPER
       DAMPER
!
   $END STRUCTURE
!------
   $SYSTEM  NAME = S_STEP_1
!
      $GEODAT BEAM      CONT = SECTTYPE SECTDIM  SECTDIM
       GD_LINE1              4
         &        :  4.000000E+01
         &        :  4.000000E+01
       GD_LINE3              4
         &        :  7.000000E+01
         &        :  7.000000E+01
      $GEODAT MASS      CONT = CYLINDER
       GD_DISK       4.510000E-09  4.000000E+01  1.500000E+02  4.000000E+01
      $GEODAT SPRING    CONT = STIFF
       GD_SPRING     0.000000E+00  1.000000E+05  1.000000E+05
      $GEODAT DAMPER    CONT = DAMP
       GD_DAMPER     0.000000E+00  5.250000E-01  5.250000E-01
!
      $ELPROP
       DAMPER        GEODAT = GD_DAMPER
!
       SPRING        GEODAT = GD_SPRING
!
       DISK          GEODAT = GD_DISK
!
       LINE1         GEODAT = GD_LINE1      MATERIAL = MAT_01
       LINE2         GEODAT = GD_LINE1      MATERIAL = MAT_01
       LINE3         GEODAT = GD_LINE3      MATERIAL = MAT_01
       LINE4         GEODAT = GD_LINE1      MATERIAL = MAT_01
       LINE5         GEODAT = GD_LINE1      MATERIAL = MAT_01
!
   $END SYSTEM
!------
   $SYSTEM  NAME = S_STEP_2
!
       $INSERT VARIANT
         S_STEP_1

       $ELSTATE LOAD 
         SITUATION = STEP_1 LPAT = 1
 
       $ADDMATRIX
          GEOSTIFF
          CONVSTIFF
          GYRO

   $END SYSTEM
!------
   $CONSTRAINTS  NAME = C_STEP_1
!
      $SUPPRESS  DOFS = 1,4  DOFTYPE = DISP
       SHAFT
      $SUPPRESS  DOFS = 1,2,3  DOFTYPE = DISP
       GROUND
!
   $END CONSTRAINTS
!------
   $LOADING  NAME = L_STEP_1
!
      $INERTIA ROTATION  LPAT = 1
       ROTOR  0.000000E+00  0.000000E+00  0.000000E+00  1.000000E+02  0.000000E+00  0.000000E+00  1.000000E+01
!
   $END LOADING
!------
   $RESULTS NAME = R_STEP_3
   
      $ROTSPEED PRIMARY = EQUI XTYPE = RPM
         0.0 1.E5 1.E3

   $END RESULTS
!------
$EXIT COMPONENT
!------------------------------------
$ENTER MATERIAL
!------
   $MATERIAL  NAME = MAT_01  TYPE = ISO
!
      $ELASTIC  GENERAL  INPUT = DATA
        1.100000E+05  3.000000E-01
!
      $DENSITY  GENERAL  INPUT = DATA
        4.510000E-09
!
   $END MATERIAL
!------
$EXIT MATERIAL
!------------------------------------
$FIN
