$ENTER COMPONENT  NAME = DFLT_COMP  DOFTYPE = DISP MATH
!------
   $STRUCTURE
!
      $ELEMENT TYPE = BECOS
                1          1          2
                2          2          3
                3          3          4
                4          4          5
                5          5          6
                6          6          7
                7          7          8
                8          8          9
                9          9         10
               10         10         11
               11         11         12
               12         12         13
               13         13         14
               14         14         15
               15         15         16
               16         16         17
               17         17         18
               18         18         19
               19         19         20
               20         20         21
               21         21         22
               22         22         23
               23         23         24
               24         24         25
               25         25         26
               26         26         27
               27         27         28
               28         28         29
               29         29         30
               30         30         31
               31         31         32
               32         32         33
               33         33         34
               34         34         35
               35         35         36
               36         36         37
               37         37         38
               38         38         39
               39         39         40
               40         40         41
               41         41         42
               42         42         43
               43         43         44
               44         44         45
               45         45         46
               46         46         47
               47         47         48
               48         48         49
               49         49         50
               50         50         51
               51         51         52
               52         52         53
               53         53         54
               54         54         55
               55         55         56
               56         56         57
               57         57         58
               58         58         59
               59         59         60
               60         60         61
               61         61         62
               62         62         63
               63         63         64
!
      $NSET NAME = SHAFT         DESCRIPTION = 'SHAFT'
                1          2          3          4          5          6          7          8          9         10         11         12         13         14
               15         16         17         18         19         20         21         22         23         24         25         26         27         28
               29         30         31         32         33         34         35         36         37         38         39         40         41         42
               43         44         45         46         47         48         49         50         51         52         53         54         55         56
               57         58         59         60         61         62         63         64
      $NSET NAME = GROUND        DESCRIPTION = 'GROUND'
              104        152        204        252
      $NSET NAME = DISC          DESCRIPTION = 'DISC'
               64
      $ESET NAME = SHAFT         DESCRIPTION = 'SHAFT'
                1          2          3          4          5          6          7          8          9         10         11         12         13         14
               15         16         17         18         19         20         21         22         23         24         25         26         27         28
               29         30         31         32         33         34         35         36         37         38         39         40         41         42
               43         44         45         46         47         48         49         50         51         52         53         54         55         56
               57         58         59         60         61         62         63
      $ESET NAME = PRP_1
                1          2          3          4          5          6          7          8          9         10         11         12         13         14
               15         16         17         18         19         20         21         22         23         24         25         26         27         28
               29         30         31         32         33         34         35         36         37         38         39         40         41         42
               43         44         45         46         47         48         49         50         51         52         53         54         55         56
               57         58         59         60         61         62         63
!
      $COOR
                1  0.000000E+00  0.000000E+00  0.000000E+00
                2  0.000000E+00  0.000000E+00  1.666667E+01
                3  0.000000E+00  0.000000E+00  3.333333E+01
                4  0.000000E+00  0.000000E+00  5.000000E+01
                5  0.000000E+00  0.000000E+00  7.000000E+01
                6  0.000000E+00  0.000000E+00  9.000000E+01
                7  0.000000E+00  0.000000E+00  1.100000E+02
                8  0.000000E+00  0.000000E+00  1.300000E+02
                9  0.000000E+00  0.000000E+00  1.500000E+02
               10  0.000000E+00  0.000000E+00  1.700000E+02
               11  0.000000E+00  0.000000E+00  1.900000E+02
               12  0.000000E+00  0.000000E+00  2.100000E+02
               13  0.000000E+00  0.000000E+00  2.300000E+02
               14  0.000000E+00  0.000000E+00  2.500000E+02
               15  0.000000E+00  0.000000E+00  2.700000E+02
               16  0.000000E+00  0.000000E+00  2.900000E+02
               17  0.000000E+00  0.000000E+00  3.100000E+02
               18  0.000000E+00  0.000000E+00  3.300000E+02
               19  0.000000E+00  0.000000E+00  3.500000E+02
               20  0.000000E+00  0.000000E+00  3.700000E+02
               21  0.000000E+00  0.000000E+00  3.900000E+02
               22  0.000000E+00  0.000000E+00  4.100000E+02
               23  0.000000E+00  0.000000E+00  4.300000E+02
               24  0.000000E+00  0.000000E+00  4.500000E+02
               25  0.000000E+00  0.000000E+00  4.700000E+02
               26  0.000000E+00  0.000000E+00  4.900000E+02
               27  0.000000E+00  0.000000E+00  5.100000E+02
               28  0.000000E+00  0.000000E+00  5.300000E+02
               29  0.000000E+00  0.000000E+00  5.500000E+02
               30  0.000000E+00  0.000000E+00  5.700000E+02
               31  0.000000E+00  0.000000E+00  5.900000E+02
               32  0.000000E+00  0.000000E+00  6.100000E+02
               33  0.000000E+00  0.000000E+00  6.300000E+02
               34  0.000000E+00  0.000000E+00  6.500000E+02
               35  0.000000E+00  0.000000E+00  6.700000E+02
               36  0.000000E+00  0.000000E+00  6.900000E+02
               37  0.000000E+00  0.000000E+00  7.100000E+02
               38  0.000000E+00  0.000000E+00  7.300000E+02
               39  0.000000E+00  0.000000E+00  7.500000E+02
               40  0.000000E+00  0.000000E+00  7.700000E+02
               41  0.000000E+00  0.000000E+00  7.900000E+02
               42  0.000000E+00  0.000000E+00  8.100000E+02
               43  0.000000E+00  0.000000E+00  8.300000E+02
               44  0.000000E+00  0.000000E+00  8.500000E+02
               45  0.000000E+00  0.000000E+00  8.700000E+02
               46  0.000000E+00  0.000000E+00  8.900000E+02
               47  0.000000E+00  0.000000E+00  9.100000E+02
               48  0.000000E+00  0.000000E+00  9.300000E+02
               49  0.000000E+00  0.000000E+00  9.500000E+02
               50  0.000000E+00  0.000000E+00  9.700000E+02
               51  0.000000E+00  0.000000E+00  9.900000E+02
               52  0.000000E+00  0.000000E+00  1.010000E+03
               53  0.000000E+00  0.000000E+00  1.030000E+03
               54  0.000000E+00  0.000000E+00  1.050000E+03
               55  0.000000E+00  0.000000E+00  1.070000E+03
               56  0.000000E+00  0.000000E+00  1.090000E+03
               57  0.000000E+00  0.000000E+00  1.110000E+03
               58  0.000000E+00  0.000000E+00  1.130000E+03
               59  0.000000E+00  0.000000E+00  1.150000E+03
               60  0.000000E+00  0.000000E+00  1.170000E+03
               61  0.000000E+00  0.000000E+00  1.190000E+03
               62  0.000000E+00  0.000000E+00  1.210000E+03
               63  0.000000E+00  0.000000E+00  1.230000E+03
               64  0.000000E+00  0.000000E+00  1.250000E+03
              104  1.000000E+01  0.000000E+00  5.000000E+01
              152  1.000000E+01  0.000000E+00  1.010000E+03
              204  0.000000E+00  1.000000E+01  5.000000E+01
              252  0.000000E+00  1.000000E+01  1.010000E+03
!
      $PART  NAME = SHAFT
       SHAFT
!
   $END STRUCTURE
!------
$EXIT COMPONENT
!------------------------------------
$FIN
