$ENTER COMPONENT  NAME = DFLT_COMP  DOFTYPE = DISP MATH
!------
   $STRUCTURE
!
      $ELEMENT TYPE = FLA2 ESET = TRUSS
                1          1         16
                2          2         16
                3          2         17
                4          2         18
                5          3         18
                6          4         18
                7          4         19
                8          4         20
                9          5         20
               10          6         20
               11          6         21
               12          6         22
               13          7         22
               14          8         22
               15          8         23
               16          8         24
               17          9         24
               18         10         24
               19         10         25
               20         10         26
               21         11         26
               22         12         26
               23         12         27
               24         12         28
               25         13         28
               26         14         28
               27         14         29
               28         14         30
               29         15         30
               30          1          2
               31          2          3
               32          3          4
               33          4          5
               34          5          6
               35          6          7
               36          7          8
               37          8          9
               38          9         10
               39         10         11
               40         11         12
               41         12         13
               42         13         14
               43         14         15
               44         16         17
               45         17         18
               46         18         19
               47         19         20
               48         20         21
               49         21         22
               50         22         23
               51         23         24
               52         24         25
               53         25         26
               54         26         27
               55         27         28
               56         28         29
               57         29         30
               58         31         46
               59         32         46
               60         32         47
               61         32         48
               62         33         48
               63         34         48
               64         34         49
               65         34         50
               66         35         50
               67         36         50
               68         36         51
               69         36         52
               70         37         52
               71         38         52
               72         38         53
               73         38         54
               74         39         54
               75         40         54
               76         40         55
               77         40         56
               78         41         56
               79         42         56
               80         42         57
               81         42         58
               82         43         58
               83         44         58
               84         44         59
               85         44         30
               86         31         32
               87         32         33
               88         33         34
               89         34         35
               90         35         36
               91         36         37
               92         37         38
               93         38         39
               94         39         40
               95         40         41
               96         41         42
               97         42         43
               98         43         44
               99         44         15
              100         46         47
              101         47         48
              102         48         49
              103         49         50
              104         50         51
              105         51         52
              106         52         53
              107         53         54
              108         54         55
              109         55         56
              110         56         57
              111         57         58
              112         58         59
              113         59         30
!
      $COOR
                1  0.000000E+00  0.000000E+00  0.000000E+00
                2  6.100000E+03  0.000000E+00  0.000000E+00
                3  1.220000E+04  0.000000E+00  0.000000E+00
                4  1.830000E+04  0.000000E+00  0.000000E+00
                5  2.440000E+04  0.000000E+00  0.000000E+00
                6  3.050000E+04  0.000000E+00  0.000000E+00
                7  3.660000E+04  0.000000E+00  0.000000E+00
                8  4.270000E+04  0.000000E+00  0.000000E+00
                9  4.880000E+04  0.000000E+00  0.000000E+00
               10  5.490000E+04  0.000000E+00  0.000000E+00
               11  6.100000E+04  0.000000E+00  0.000000E+00
               12  6.710000E+04  0.000000E+00  0.000000E+00
               13  7.320000E+04  0.000000E+00  0.000000E+00
               14  7.930000E+04  0.000000E+00  0.000000E+00
               15  8.540000E+04  0.000000E+00  0.000000E+00
               16  0.000000E+00  7.316000E+03  0.000000E+00
               17  6.100000E+03  7.316000E+03  0.000000E+00
               18  1.220000E+04  7.316000E+03  0.000000E+00
               19  1.830000E+04  7.316000E+03  0.000000E+00
               20  2.440000E+04  7.543000E+03  0.000000E+00
               21  3.050000E+04  8.116000E+03  0.000000E+00
               22  3.660000E+04  8.883000E+03  0.000000E+00
               23  4.270000E+04  1.017000E+04  0.000000E+00
               24  4.880000E+04  1.219000E+04  0.000000E+00
               25  5.490000E+04  1.017000E+04  0.000000E+00
               26  6.100000E+04  8.883000E+03  0.000000E+00
               27  6.710000E+04  8.116000E+03  0.000000E+00
               28  7.320000E+04  7.543000E+03  0.000000E+00
               29  7.930000E+04  7.316000E+03  0.000000E+00
               30  8.540000E+04  7.316000E+03  0.000000E+00
               31  1.708000E+05  0.000000E+00  0.000000E+00
               32  1.647000E+05  0.000000E+00  0.000000E+00
               33  1.586000E+05  0.000000E+00  0.000000E+00
               34  1.525000E+05  0.000000E+00  0.000000E+00
               35  1.464000E+05  0.000000E+00  0.000000E+00
               36  1.403000E+05  0.000000E+00  0.000000E+00
               37  1.342000E+05  0.000000E+00  0.000000E+00
               38  1.281000E+05  0.000000E+00  0.000000E+00
               39  1.220000E+05  0.000000E+00  0.000000E+00
               40  1.159000E+05  0.000000E+00  0.000000E+00
               41  1.098000E+05  0.000000E+00  0.000000E+00
               42  1.037000E+05  0.000000E+00  0.000000E+00
               43  9.760000E+04  0.000000E+00  0.000000E+00
               44  9.150000E+04  0.000000E+00  0.000000E+00
               46  1.708000E+05  7.316000E+03  0.000000E+00
               47  1.647000E+05  7.316000E+03  0.000000E+00
               48  1.586000E+05  7.316000E+03  0.000000E+00
               49  1.525000E+05  7.316000E+03  0.000000E+00
               50  1.464000E+05  7.543000E+03  0.000000E+00
               51  1.403000E+05  8.116000E+03  0.000000E+00
               52  1.342000E+05  8.883000E+03  0.000000E+00
               53  1.281000E+05  1.017000E+04  0.000000E+00
               54  1.220000E+05  1.219000E+04  0.000000E+00
               55  1.159000E+05  1.017000E+04  0.000000E+00
               56  1.098000E+05  8.883000E+03  0.000000E+00
               57  1.037000E+05  8.116000E+03  0.000000E+00
               58  9.760000E+04  7.543000E+03  0.000000E+00
               59  9.150000E+04  7.316000E+03  0.000000E+00
!
      $PART  NAME = TRUSS
       TRUSS
!
   $END STRUCTURE
!------
$EXIT COMPONENT
!------------------------------------
$FIN
