!#--------------------------------------------------------------------------------------------------------------------------------------------------------------
!#                                         Result file written by VisPER Education Edition Build 20.00.228-Rev.51177
!#                                                               Distributed by INTES Stuttgart
!#                                                                  Date:  2-Feb-25 16:22:29
!#..............................................................................................................................................................
!#                                                                       P r o j e c t
!#                                                                         weifei_edu
!#..............................................................................................................................................................
!#                                                                      Site: INTES GmbH
!#                                                       Host: NILS-MOBIL / Windows 11 Pro-AMD64-26100
!#                                                                    Code: M9v20 (32 bpw)
!#--------------------------------------------------------------------------------------------------------------------------------------------------------------
$ENTER COMPONENT  NAME = DFLT_COMP  DOFTYPE = DISP MATH
!------
   $STRUCTURE
!
      $ELEMENT TYPE = MASS3
            12001      14642
!
      $MPC ISURFACE  DPDOFS = 1,2,3  DPITYP = NODE  DOFTYPE = DISP
                1 TOP         : F
!
      $SURFACE ELEMENTS  LABEL = CLAMPED  SYSTEM = LOCAL
                1          1
              120          6
              121          1
              240          6
              241          1
              360          6
              361          1
              480          6
              481          1
              600          6
              601          1
              720          6
              721          1
              840          6
              841          1
              960          6
              961          1
             1080          6
             1081          1
             1200          6
             1201          1
             1320          6
             1321          1
             1440          6
             1441          1
             1560          6
             1561          1
             1680          6
             1681          1
             1800          6
             1801          1
             1920          6
             1921          1
             2040          6
             2041          1
             2160          6
             2161          1
             2280          6
             2281          1
             2400          6
             2401          1
             2520          6
             2521          1
             2640          6
             2641          1
             2760          6
             2761          1
             2880          6
             2881          1
             3000          6
             3001          1
             3120          6
             3121          1
             3240          6
             3241          1
             3360          6
             3361          1
             3480          6
             3481          1
             3600          6
             3601          1
             3720          6
             3721          1
             3840          6
             3841          1
             3960          6
             3961          1
             4080          6
             4081          1
             4200          6
             4201          1
             4320          6
             4321          1
             4440          6
             4441          1
             4560          6
             4561          1
             4680          6
             4681          1
             4800          6
             4801          1
             4920          6
             4921          1
             5040          6
             5041          1
             5160          6
             5161          1
             5280          6
             5281          1
             5400          6
             5401          1
             5520          6
             5521          1
             5640          6
             5641          1
             5760          6
             5761          1
             5880          6
             5881          1
             6000          6
             6001          1
             6120          6
             6121          1
             6240          6
             6241          1
             6360          6
             6361          1
             6480          6
             6481          1
             6600          6
             6601          1
             6720          6
             6721          1
             6840          6
             6841          1
             6960          6
             6961          1
             7080          6
             7081          1
             7200          6
             7201          1
             7320          6
             7321          1
             7440          6
             7441          1
             7560          6
             7561          1
             7680          6
             7681          1
             7800          6
             7801          1
             7920          6
             7921          1
             8040          6
             8041          1
             8160          6
             8161          1
             8280          6
             8281          1
             8400          6
             8401          1
             8520          6
             8521          1
             8640          6
             8641          1
             8760          6
             8761          1
             8880          6
             8881          1
             9000          6
             9001          1
             9120          6
             9121          1
             9240          6
             9241          1
             9360          6
             9361          1
             9480          6
             9481          1
             9600          6
             9601          1
             9720          6
             9721          1
             9840          6
             9841          1
             9960          6
             9961          1
            10080          6
            10081          1
            10200          6
            10201          1
            10320          6
            10321          1
            10440          6
            10441          1
            10560          6
            10561          1
            10680          6
            10681          1
            10800          6
            10801          1
            10920          6
            10921          1
            11040          6
            11041          1
            11160          6
            11161          1
            11280          6
            11281          1
            11400          6
            11401          1
            11520          6
            11521          1
            11640          6
            11641          1
            11760          6
            11761          1
            11880          6
            11881          1
            12000          6
      $SURFACE ELEMENTS  LABEL = TOP  SYSTEM = LOCAL
             1081          4
             1082          4
             1083          4
             1084          4
             1085          4
             1086          4
             1087          4
             1088          4
             1089          4
             1090          4
             1091          4
             1092          4
             1093          4
             1094          4
             1095          4
             1096          4
             1097          4
             1098          4
             1099          4
             1100          4
             1101          4
             1102          4
             1103          4
             1104          4
             1105          4
             1106          4
             1107          4
             1108          4
             1109          4
             1110          4
             1111          4
             1112          4
             1113          4
             1114          4
             1115          4
             1116          4
             1117          4
             1118          4
             1119          4
             1120          4
             1121          4
             1122          4
             1123          4
             1124          4
             1125          4
             1126          4
             1127          4
             1128          4
             1129          4
             1130          4
             1131          4
             1132          4
             1133          4
             1134          4
             1135          4
             1136          4
             1137          4
             1138          4
             1139          4
             1140          4
             1141          4
             1142          4
             1143          4
             1144          4
             1145          4
             1146          4
             1147          4
             1148          4
             1149          4
             1150          4
             1151          4
             1152          4
             1153          4
             1154          4
             1155          4
             1156          4
             1157          4
             1158          4
             1159          4
             1160          4
             1161          4
             1162          4
             1163          4
             1164          4
             1165          4
             1166          4
             1167          4
             1168          4
             1169          4
             1170          4
             1171          4
             1172          4
             1173          4
             1174          4
             1175          4
             1176          4
             1177          4
             1178          4
             1179          4
             1180          4
             1181          4
             1182          4
             1183          4
             1184          4
             1185          4
             1186          4
             1187          4
             1188          4
             1189          4
             1190          4
             1191          4
             1192          4
             1193          4
             1194          4
             1195          4
             1196          4
             1197          4
             1198          4
             1199          4
             1200          4
             2281          4
             2282          4
             2283          4
             2284          4
             2285          4
             2286          4
             2287          4
             2288          4
             2289          4
             2290          4
             2291          4
             2292          4
             2293          4
             2294          4
             2295          4
             2296          4
             2297          4
             2298          4
             2299          4
             2300          4
             2301          4
             2302          4
             2303          4
             2304          4
             2305          4
             2306          4
             2307          4
             2308          4
             2309          4
             2310          4
             2311          4
             2312          4
             2313          4
             2314          4
             2315          4
             2316          4
             2317          4
             2318          4
             2319          4
             2320          4
             2321          4
             2322          4
             2323          4
             2324          4
             2325          4
             2326          4
             2327          4
             2328          4
             2329          4
             2330          4
             2331          4
             2332          4
             2333          4
             2334          4
             2335          4
             2336          4
             2337          4
             2338          4
             2339          4
             2340          4
             2341          4
             2342          4
             2343          4
             2344          4
             2345          4
             2346          4
             2347          4
             2348          4
             2349          4
             2350          4
             2351          4
             2352          4
             2353          4
             2354          4
             2355          4
             2356          4
             2357          4
             2358          4
             2359          4
             2360          4
             2361          4
             2362          4
             2363          4
             2364          4
             2365          4
             2366          4
             2367          4
             2368          4
             2369          4
             2370          4
             2371          4
             2372          4
             2373          4
             2374          4
             2375          4
             2376          4
             2377          4
             2378          4
             2379          4
             2380          4
             2381          4
             2382          4
             2383          4
             2384          4
             2385          4
             2386          4
             2387          4
             2388          4
             2389          4
             2390          4
             2391          4
             2392          4
             2393          4
             2394          4
             2395          4
             2396          4
             2397          4
             2398          4
             2399          4
             2400          4
             3481          4
             3482          4
             3483          4
             3484          4
             3485          4
             3486          4
             3487          4
             3488          4
             3489          4
             3490          4
             3491          4
             3492          4
             3493          4
             3494          4
             3495          4
             3496          4
             3497          4
             3498          4
             3499          4
             3500          4
             3501          4
             3502          4
             3503          4
             3504          4
             3505          4
             3506          4
             3507          4
             3508          4
             3509          4
             3510          4
             3511          4
             3512          4
             3513          4
             3514          4
             3515          4
             3516          4
             3517          4
             3518          4
             3519          4
             3520          4
             3521          4
             3522          4
             3523          4
             3524          4
             3525          4
             3526          4
             3527          4
             3528          4
             3529          4
             3530          4
             3531          4
             3532          4
             3533          4
             3534          4
             3535          4
             3536          4
             3537          4
             3538          4
             3539          4
             3540          4
             3541          4
             3542          4
             3543          4
             3544          4
             3545          4
             3546          4
             3547          4
             3548          4
             3549          4
             3550          4
             3551          4
             3552          4
             3553          4
             3554          4
             3555          4
             3556          4
             3557          4
             3558          4
             3559          4
             3560          4
             3561          4
             3562          4
             3563          4
             3564          4
             3565          4
             3566          4
             3567          4
             3568          4
             3569          4
             3570          4
             3571          4
             3572          4
             3573          4
             3574          4
             3575          4
             3576          4
             3577          4
             3578          4
             3579          4
             3580          4
             3581          4
             3582          4
             3583          4
             3584          4
             3585          4
             3586          4
             3587          4
             3588          4
             3589          4
             3590          4
             3591          4
             3592          4
             3593          4
             3594          4
             3595          4
             3596          4
             3597          4
             3598          4
             3599          4
             3600          4
             4681          4
             4682          4
             4683          4
             4684          4
             4685          4
             4686          4
             4687          4
             4688          4
             4689          4
             4690          4
             4691          4
             4692          4
             4693          4
             4694          4
             4695          4
             4696          4
             4697          4
             4698          4
             4699          4
             4700          4
             4701          4
             4702          4
             4703          4
             4704          4
             4705          4
             4706          4
             4707          4
             4708          4
             4709          4
             4710          4
             4711          4
             4712          4
             4713          4
             4714          4
             4715          4
             4716          4
             4717          4
             4718          4
             4719          4
             4720          4
             4721          4
             4722          4
             4723          4
             4724          4
             4725          4
             4726          4
             4727          4
             4728          4
             4729          4
             4730          4
             4731          4
             4732          4
             4733          4
             4734          4
             4735          4
             4736          4
             4737          4
             4738          4
             4739          4
             4740          4
             4741          4
             4742          4
             4743          4
             4744          4
             4745          4
             4746          4
             4747          4
             4748          4
             4749          4
             4750          4
             4751          4
             4752          4
             4753          4
             4754          4
             4755          4
             4756          4
             4757          4
             4758          4
             4759          4
             4760          4
             4761          4
             4762          4
             4763          4
             4764          4
             4765          4
             4766          4
             4767          4
             4768          4
             4769          4
             4770          4
             4771          4
             4772          4
             4773          4
             4774          4
             4775          4
             4776          4
             4777          4
             4778          4
             4779          4
             4780          4
             4781          4
             4782          4
             4783          4
             4784          4
             4785          4
             4786          4
             4787          4
             4788          4
             4789          4
             4790          4
             4791          4
             4792          4
             4793          4
             4794          4
             4795          4
             4796          4
             4797          4
             4798          4
             4799          4
             4800          4
             5881          4
             5882          4
             5883          4
             5884          4
             5885          4
             5886          4
             5887          4
             5888          4
             5889          4
             5890          4
             5891          4
             5892          4
             5893          4
             5894          4
             5895          4
             5896          4
             5897          4
             5898          4
             5899          4
             5900          4
             5901          4
             5902          4
             5903          4
             5904          4
             5905          4
             5906          4
             5907          4
             5908          4
             5909          4
             5910          4
             5911          4
             5912          4
             5913          4
             5914          4
             5915          4
             5916          4
             5917          4
             5918          4
             5919          4
             5920          4
             5921          4
             5922          4
             5923          4
             5924          4
             5925          4
             5926          4
             5927          4
             5928          4
             5929          4
             5930          4
             5931          4
             5932          4
             5933          4
             5934          4
             5935          4
             5936          4
             5937          4
             5938          4
             5939          4
             5940          4
             5941          4
             5942          4
             5943          4
             5944          4
             5945          4
             5946          4
             5947          4
             5948          4
             5949          4
             5950          4
             5951          4
             5952          4
             5953          4
             5954          4
             5955          4
             5956          4
             5957          4
             5958          4
             5959          4
             5960          4
             5961          4
             5962          4
             5963          4
             5964          4
             5965          4
             5966          4
             5967          4
             5968          4
             5969          4
             5970          4
             5971          4
             5972          4
             5973          4
             5974          4
             5975          4
             5976          4
             5977          4
             5978          4
             5979          4
             5980          4
             5981          4
             5982          4
             5983          4
             5984          4
             5985          4
             5986          4
             5987          4
             5988          4
             5989          4
             5990          4
             5991          4
             5992          4
             5993          4
             5994          4
             5995          4
             5996          4
             5997          4
             5998          4
             5999          4
             6000          4
             7081          4
             7082          4
             7083          4
             7084          4
             7085          4
             7086          4
             7087          4
             7088          4
             7089          4
             7090          4
             7091          4
             7092          4
             7093          4
             7094          4
             7095          4
             7096          4
             7097          4
             7098          4
             7099          4
             7100          4
             7101          4
             7102          4
             7103          4
             7104          4
             7105          4
             7106          4
             7107          4
             7108          4
             7109          4
             7110          4
             7111          4
             7112          4
             7113          4
             7114          4
             7115          4
             7116          4
             7117          4
             7118          4
             7119          4
             7120          4
             7121          4
             7122          4
             7123          4
             7124          4
             7125          4
             7126          4
             7127          4
             7128          4
             7129          4
             7130          4
             7131          4
             7132          4
             7133          4
             7134          4
             7135          4
             7136          4
             7137          4
             7138          4
             7139          4
             7140          4
             7141          4
             7142          4
             7143          4
             7144          4
             7145          4
             7146          4
             7147          4
             7148          4
             7149          4
             7150          4
             7151          4
             7152          4
             7153          4
             7154          4
             7155          4
             7156          4
             7157          4
             7158          4
             7159          4
             7160          4
             7161          4
             7162          4
             7163          4
             7164          4
             7165          4
             7166          4
             7167          4
             7168          4
             7169          4
             7170          4
             7171          4
             7172          4
             7173          4
             7174          4
             7175          4
             7176          4
             7177          4
             7178          4
             7179          4
             7180          4
             7181          4
             7182          4
             7183          4
             7184          4
             7185          4
             7186          4
             7187          4
             7188          4
             7189          4
             7190          4
             7191          4
             7192          4
             7193          4
             7194          4
             7195          4
             7196          4
             7197          4
             7198          4
             7199          4
             7200          4
             8281          4
             8282          4
             8283          4
             8284          4
             8285          4
             8286          4
             8287          4
             8288          4
             8289          4
             8290          4
             8291          4
             8292          4
             8293          4
             8294          4
             8295          4
             8296          4
             8297          4
             8298          4
             8299          4
             8300          4
             8301          4
             8302          4
             8303          4
             8304          4
             8305          4
             8306          4
             8307          4
             8308          4
             8309          4
             8310          4
             8311          4
             8312          4
             8313          4
             8314          4
             8315          4
             8316          4
             8317          4
             8318          4
             8319          4
             8320          4
             8321          4
             8322          4
             8323          4
             8324          4
             8325          4
             8326          4
             8327          4
             8328          4
             8329          4
             8330          4
             8331          4
             8332          4
             8333          4
             8334          4
             8335          4
             8336          4
             8337          4
             8338          4
             8339          4
             8340          4
             8341          4
             8342          4
             8343          4
             8344          4
             8345          4
             8346          4
             8347          4
             8348          4
             8349          4
             8350          4
             8351          4
             8352          4
             8353          4
             8354          4
             8355          4
             8356          4
             8357          4
             8358          4
             8359          4
             8360          4
             8361          4
             8362          4
             8363          4
             8364          4
             8365          4
             8366          4
             8367          4
             8368          4
             8369          4
             8370          4
             8371          4
             8372          4
             8373          4
             8374          4
             8375          4
             8376          4
             8377          4
             8378          4
             8379          4
             8380          4
             8381          4
             8382          4
             8383          4
             8384          4
             8385          4
             8386          4
             8387          4
             8388          4
             8389          4
             8390          4
             8391          4
             8392          4
             8393          4
             8394          4
             8395          4
             8396          4
             8397          4
             8398          4
             8399          4
             8400          4
             9481          4
             9482          4
             9483          4
             9484          4
             9485          4
             9486          4
             9487          4
             9488          4
             9489          4
             9490          4
             9491          4
             9492          4
             9493          4
             9494          4
             9495          4
             9496          4
             9497          4
             9498          4
             9499          4
             9500          4
             9501          4
             9502          4
             9503          4
             9504          4
             9505          4
             9506          4
             9507          4
             9508          4
             9509          4
             9510          4
             9511          4
             9512          4
             9513          4
             9514          4
             9515          4
             9516          4
             9517          4
             9518          4
             9519          4
             9520          4
             9521          4
             9522          4
             9523          4
             9524          4
             9525          4
             9526          4
             9527          4
             9528          4
             9529          4
             9530          4
             9531          4
             9532          4
             9533          4
             9534          4
             9535          4
             9536          4
             9537          4
             9538          4
             9539          4
             9540          4
             9541          4
             9542          4
             9543          4
             9544          4
             9545          4
             9546          4
             9547          4
             9548          4
             9549          4
             9550          4
             9551          4
             9552          4
             9553          4
             9554          4
             9555          4
             9556          4
             9557          4
             9558          4
             9559          4
             9560          4
             9561          4
             9562          4
             9563          4
             9564          4
             9565          4
             9566          4
             9567          4
             9568          4
             9569          4
             9570          4
             9571          4
             9572          4
             9573          4
             9574          4
             9575          4
             9576          4
             9577          4
             9578          4
             9579          4
             9580          4
             9581          4
             9582          4
             9583          4
             9584          4
             9585          4
             9586          4
             9587          4
             9588          4
             9589          4
             9590          4
             9591          4
             9592          4
             9593          4
             9594          4
             9595          4
             9596          4
             9597          4
             9598          4
             9599          4
             9600          4
            10681          4
            10682          4
            10683          4
            10684          4
            10685          4
            10686          4
            10687          4
            10688          4
            10689          4
            10690          4
            10691          4
            10692          4
            10693          4
            10694          4
            10695          4
            10696          4
            10697          4
            10698          4
            10699          4
            10700          4
            10701          4
            10702          4
            10703          4
            10704          4
            10705          4
            10706          4
            10707          4
            10708          4
            10709          4
            10710          4
            10711          4
            10712          4
            10713          4
            10714          4
            10715          4
            10716          4
            10717          4
            10718          4
            10719          4
            10720          4
            10721          4
            10722          4
            10723          4
            10724          4
            10725          4
            10726          4
            10727          4
            10728          4
            10729          4
            10730          4
            10731          4
            10732          4
            10733          4
            10734          4
            10735          4
            10736          4
            10737          4
            10738          4
            10739          4
            10740          4
            10741          4
            10742          4
            10743          4
            10744          4
            10745          4
            10746          4
            10747          4
            10748          4
            10749          4
            10750          4
            10751          4
            10752          4
            10753          4
            10754          4
            10755          4
            10756          4
            10757          4
            10758          4
            10759          4
            10760          4
            10761          4
            10762          4
            10763          4
            10764          4
            10765          4
            10766          4
            10767          4
            10768          4
            10769          4
            10770          4
            10771          4
            10772          4
            10773          4
            10774          4
            10775          4
            10776          4
            10777          4
            10778          4
            10779          4
            10780          4
            10781          4
            10782          4
            10783          4
            10784          4
            10785          4
            10786          4
            10787          4
            10788          4
            10789          4
            10790          4
            10791          4
            10792          4
            10793          4
            10794          4
            10795          4
            10796          4
            10797          4
            10798          4
            10799          4
            10800          4
            11881          4
            11882          4
            11883          4
            11884          4
            11885          4
            11886          4
            11887          4
            11888          4
            11889          4
            11890          4
            11891          4
            11892          4
            11893          4
            11894          4
            11895          4
            11896          4
            11897          4
            11898          4
            11899          4
            11900          4
            11901          4
            11902          4
            11903          4
            11904          4
            11905          4
            11906          4
            11907          4
            11908          4
            11909          4
            11910          4
            11911          4
            11912          4
            11913          4
            11914          4
            11915          4
            11916          4
            11917          4
            11918          4
            11919          4
            11920          4
            11921          4
            11922          4
            11923          4
            11924          4
            11925          4
            11926          4
            11927          4
            11928          4
            11929          4
            11930          4
            11931          4
            11932          4
            11933          4
            11934          4
            11935          4
            11936          4
            11937          4
            11938          4
            11939          4
            11940          4
            11941          4
            11942          4
            11943          4
            11944          4
            11945          4
            11946          4
            11947          4
            11948          4
            11949          4
            11950          4
            11951          4
            11952          4
            11953          4
            11954          4
            11955          4
            11956          4
            11957          4
            11958          4
            11959          4
            11960          4
            11961          4
            11962          4
            11963          4
            11964          4
            11965          4
            11966          4
            11967          4
            11968          4
            11969          4
            11970          4
            11971          4
            11972          4
            11973          4
            11974          4
            11975          4
            11976          4
            11977          4
            11978          4
            11979          4
            11980          4
            11981          4
            11982          4
            11983          4
            11984          4
            11985          4
            11986          4
            11987          4
            11988          4
            11989          4
            11990          4
            11991          4
            11992          4
            11993          4
            11994          4
            11995          4
            11996          4
            11997          4
            11998          4
            11999          4
            12000          4
!
      $NSET NAME = F
            14642
      $ESET NAME = M
            12001
!
      $COOR
            14642  2.500000E-01  5.000000E-01  0.000000E+00
!
      $PART  NAME = M
       M
!
   $END STRUCTURE
!------
   $SYSTEM  NAME = S_STEP_1
!
      $GEODAT MASS      CONT = MASS
       GD_M          1.000000E-12
!
      $ELPROP
       BEAM          MATERIAL = MAT_BEAM
       M             GEODAT = GD_M
!
   $END SYSTEM
!------
   $CONSTRAINTS  NAME = C_STEP_1
!
      $SUPPRESS  SURFNODE  DOFS = 1,2,3  DOFTYPE = DISP
       CLAMPED
!
   $END CONSTRAINTS
!------
   $LOADING  NAME = L_STEP_1
!
      $CONLOAD  LPAT = 2  DOFTYPE = DISP
       F            2: -5.000000E+05
!
   $END LOADING
!------
$EXIT COMPONENT
!------------------------------------
$ENTER MATERIAL
!------
   $MATERIAL  NAME = MAT_BEAM  TYPE = ISO
!
      $DENSITY  GENERAL  INPUT = DATA
        7.850000E+03
!
      $ELASTIC  GENERAL  INPUT = DATA
        2.100000E+11  3.000000E-01
!
   $END MATERIAL
!------
$EXIT MATERIAL
!------------------------------------
$FIN
