$ENTER COMPONENT  NAME = DFLT_COMP  DOFTYPE = DISP MATH
!------
   $STRUCTURE
!
      $RSYS CART  FORM = XY
                1 -3.000000E+01  1.000000E+02  6.000000E+01 : -3.000000E+01  1.000000E+02  1.200000E+02 : -3.000000E+01 -2.000000E+02  6.000000E+01
!
   $END STRUCTURE
!------
   $LOADING  NAME = L_STEP_1
!
      $DISLOAD LINE3D  LPAT = 2  IDS = ELGEO  NODES = ALL  DOFTYPE = DISP
              981  3 :  1.000000E+00 ,          1 ,          1  0.000000E+00 ,          1 ,          1  0.000000E+00 ,          1 ,          1
             1000  3 :  1.000000E+00 ,          1 ,          1  0.000000E+00 ,          1 ,          1  0.000000E+00 ,          1 ,          1
             3401  3 :  1.000000E+00 ,          1 ,          1  0.000000E+00 ,          1 ,          1  0.000000E+00 ,          1 ,          1
             3420  3 :  1.000000E+00 ,          1 ,          1  0.000000E+00 ,          1 ,          1  0.000000E+00 ,          1 ,          1
             5821  3 :  1.000000E+00 ,          1 ,          1  0.000000E+00 ,          1 ,          1  0.000000E+00 ,          1 ,          1
             5840  3 :  1.000000E+00 ,          1 ,          1  0.000000E+00 ,          1 ,          1  0.000000E+00 ,          1 ,          1
              982  3 :  1.000000E+00 ,          1 ,          1  0.000000E+00 ,          1 ,          1  0.000000E+00 ,          1 ,          1
              983  3 :  1.000000E+00 ,          1 ,          1  0.000000E+00 ,          1 ,          1  0.000000E+00 ,          1 ,          1
              984  3 :  1.000000E+00 ,          1 ,          1  0.000000E+00 ,          1 ,          1  0.000000E+00 ,          1 ,          1
              985  3 :  1.000000E+00 ,          1 ,          1  0.000000E+00 ,          1 ,          1  0.000000E+00 ,          1 ,          1
              986  3 :  1.000000E+00 ,          1 ,          1  0.000000E+00 ,          1 ,          1  0.000000E+00 ,          1 ,          1
              987  3 :  1.000000E+00 ,          1 ,          1  0.000000E+00 ,          1 ,          1  0.000000E+00 ,          1 ,          1
              988  3 :  1.000000E+00 ,          1 ,          1  0.000000E+00 ,          1 ,          1  0.000000E+00 ,          1 ,          1
              989  3 :  1.000000E+00 ,          1 ,          1  0.000000E+00 ,          1 ,          1  0.000000E+00 ,          1 ,          1
              990  3 :  1.000000E+00 ,          1 ,          1  0.000000E+00 ,          1 ,          1  0.000000E+00 ,          1 ,          1
              991  3 :  1.000000E+00 ,          1 ,          1  0.000000E+00 ,          1 ,          1  0.000000E+00 ,          1 ,          1
              992  3 :  1.000000E+00 ,          1 ,          1  0.000000E+00 ,          1 ,          1  0.000000E+00 ,          1 ,          1
              993  3 :  1.000000E+00 ,          1 ,          1  0.000000E+00 ,          1 ,          1  0.000000E+00 ,          1 ,          1
              994  3 :  1.000000E+00 ,          1 ,          1  0.000000E+00 ,          1 ,          1  0.000000E+00 ,          1 ,          1
              995  3 :  1.000000E+00 ,          1 ,          1  0.000000E+00 ,          1 ,          1  0.000000E+00 ,          1 ,          1
              996  3 :  1.000000E+00 ,          1 ,          1  0.000000E+00 ,          1 ,          1  0.000000E+00 ,          1 ,          1
              997  3 :  1.000000E+00 ,          1 ,          1  0.000000E+00 ,          1 ,          1  0.000000E+00 ,          1 ,          1
              998  3 :  1.000000E+00 ,          1 ,          1  0.000000E+00 ,          1 ,          1  0.000000E+00 ,          1 ,          1
              999  3 :  1.000000E+00 ,          1 ,          1  0.000000E+00 ,          1 ,          1  0.000000E+00 ,          1 ,          1
             3402  3 :  1.000000E+00 ,          1 ,          1  0.000000E+00 ,          1 ,          1  0.000000E+00 ,          1 ,          1
             3403  3 :  1.000000E+00 ,          1 ,          1  0.000000E+00 ,          1 ,          1  0.000000E+00 ,          1 ,          1
             3404  3 :  1.000000E+00 ,          1 ,          1  0.000000E+00 ,          1 ,          1  0.000000E+00 ,          1 ,          1
             3405  3 :  1.000000E+00 ,          1 ,          1  0.000000E+00 ,          1 ,          1  0.000000E+00 ,          1 ,          1
             3406  3 :  1.000000E+00 ,          1 ,          1  0.000000E+00 ,          1 ,          1  0.000000E+00 ,          1 ,          1
             3407  3 :  1.000000E+00 ,          1 ,          1  0.000000E+00 ,          1 ,          1  0.000000E+00 ,          1 ,          1
             3408  3 :  1.000000E+00 ,          1 ,          1  0.000000E+00 ,          1 ,          1  0.000000E+00 ,          1 ,          1
             3409  3 :  1.000000E+00 ,          1 ,          1  0.000000E+00 ,          1 ,          1  0.000000E+00 ,          1 ,          1
             3410  3 :  1.000000E+00 ,          1 ,          1  0.000000E+00 ,          1 ,          1  0.000000E+00 ,          1 ,          1
             3411  3 :  1.000000E+00 ,          1 ,          1  0.000000E+00 ,          1 ,          1  0.000000E+00 ,          1 ,          1
             3412  3 :  1.000000E+00 ,          1 ,          1  0.000000E+00 ,          1 ,          1  0.000000E+00 ,          1 ,          1
             3413  3 :  1.000000E+00 ,          1 ,          1  0.000000E+00 ,          1 ,          1  0.000000E+00 ,          1 ,          1
             3414  3 :  1.000000E+00 ,          1 ,          1  0.000000E+00 ,          1 ,          1  0.000000E+00 ,          1 ,          1
             3415  3 :  1.000000E+00 ,          1 ,          1  0.000000E+00 ,          1 ,          1  0.000000E+00 ,          1 ,          1
             3416  3 :  1.000000E+00 ,          1 ,          1  0.000000E+00 ,          1 ,          1  0.000000E+00 ,          1 ,          1
             3417  3 :  1.000000E+00 ,          1 ,          1  0.000000E+00 ,          1 ,          1  0.000000E+00 ,          1 ,          1
             3418  3 :  1.000000E+00 ,          1 ,          1  0.000000E+00 ,          1 ,          1  0.000000E+00 ,          1 ,          1
             3419  3 :  1.000000E+00 ,          1 ,          1  0.000000E+00 ,          1 ,          1  0.000000E+00 ,          1 ,          1
             5822  3 :  1.000000E+00 ,          1 ,          1  0.000000E+00 ,          1 ,          1  0.000000E+00 ,          1 ,          1
             5823  3 :  1.000000E+00 ,          1 ,          1  0.000000E+00 ,          1 ,          1  0.000000E+00 ,          1 ,          1
             5824  3 :  1.000000E+00 ,          1 ,          1  0.000000E+00 ,          1 ,          1  0.000000E+00 ,          1 ,          1
             5825  3 :  1.000000E+00 ,          1 ,          1  0.000000E+00 ,          1 ,          1  0.000000E+00 ,          1 ,          1
             5826  3 :  1.000000E+00 ,          1 ,          1  0.000000E+00 ,          1 ,          1  0.000000E+00 ,          1 ,          1
             5827  3 :  1.000000E+00 ,          1 ,          1  0.000000E+00 ,          1 ,          1  0.000000E+00 ,          1 ,          1
             5828  3 :  1.000000E+00 ,          1 ,          1  0.000000E+00 ,          1 ,          1  0.000000E+00 ,          1 ,          1
             5829  3 :  1.000000E+00 ,          1 ,          1  0.000000E+00 ,          1 ,          1  0.000000E+00 ,          1 ,          1
             5830  3 :  1.000000E+00 ,          1 ,          1  0.000000E+00 ,          1 ,          1  0.000000E+00 ,          1 ,          1
             5831  3 :  1.000000E+00 ,          1 ,          1  0.000000E+00 ,          1 ,          1  0.000000E+00 ,          1 ,          1
             5832  3 :  1.000000E+00 ,          1 ,          1  0.000000E+00 ,          1 ,          1  0.000000E+00 ,          1 ,          1
             5833  3 :  1.000000E+00 ,          1 ,          1  0.000000E+00 ,          1 ,          1  0.000000E+00 ,          1 ,          1
             5834  3 :  1.000000E+00 ,          1 ,          1  0.000000E+00 ,          1 ,          1  0.000000E+00 ,          1 ,          1
             5835  3 :  1.000000E+00 ,          1 ,          1  0.000000E+00 ,          1 ,          1  0.000000E+00 ,          1 ,          1
             5836  3 :  1.000000E+00 ,          1 ,          1  0.000000E+00 ,          1 ,          1  0.000000E+00 ,          1 ,          1
             5837  3 :  1.000000E+00 ,          1 ,          1  0.000000E+00 ,          1 ,          1  0.000000E+00 ,          1 ,          1
             5838  3 :  1.000000E+00 ,          1 ,          1  0.000000E+00 ,          1 ,          1  0.000000E+00 ,          1 ,          1
             5839  3 :  1.000000E+00 ,          1 ,          1  0.000000E+00 ,          1 ,          1  0.000000E+00 ,          1 ,          1
!
   $END LOADING
!------
$EXIT COMPONENT
!------------------------------------
$ENTER FUNCTION
!------
   $FUNCTION FORMULA  FID =          1
   F(X)=X
!------
$EXIT FUNCTION
!------------------------------------
$FIN
