  
 Print of DATAOBJECT Table in situation STEP_2 of component DFLT_COMP
 ====================================================================
  
 > Complex eigenvalues and frequencies in component system (Table CVALTAB.DISP)
 ----------------------------------------------------------------------------------------------------------
       Row       Frequency   Real(Lambda) Imag(Lambda) Damp.Coeff.   Circ.Freq   Eq.Dmp.Ratio  Ref.Freq.
 ----------------------------------------------------------------------------------------------------------
              1  2.76358E+00 -5.46075E+00  1.73641E+01 -5.46075E+00  1.73641E+01  3.00000E-01  0.00000E+00
              2 -2.76358E+00 -5.46075E+00 -1.73641E+01 -5.46075E+00 -1.73641E+01  3.00000E-01  0.00000E+00
              3  8.88078E+00 -5.47648E+00  5.57996E+01 -5.47648E+00  5.57996E+01  9.76762E-02  0.00000E+00
              4 -8.88078E+00 -5.47648E+00 -5.57996E+01 -5.47648E+00 -5.57996E+01  9.76762E-02  0.00000E+00
              5  2.08165E+01 -5.55475E+00  1.30794E+02 -5.55475E+00  1.30794E+02  4.24312E-02  0.00000E+00
              6 -2.08165E+01 -5.55475E+00 -1.30794E+02 -5.55475E+00 -1.30794E+02  4.24312E-02  0.00000E+00
              7  3.54067E+01 -5.73589E+00  2.22467E+02 -5.73589E+00  2.22467E+02  2.57745E-02  0.00000E+00
              8 -3.54067E+01 -5.73589E+00 -2.22467E+02 -5.73589E+00 -2.22467E+02  2.57745E-02  0.00000E+00
              9  5.60085E+01 -6.15175E+00  3.51912E+02 -6.15175E+00  3.51912E+02  1.74783E-02  0.00000E+00
             10 -5.60085E+01 -6.15175E+00 -3.51912E+02 -6.15175E+00 -3.51912E+02  1.74783E-02  0.00000E+00
             11  7.86151E+01 -6.82377E+00  4.93953E+02 -6.82377E+00  4.93953E+02  1.38133E-02  0.00000E+00
             12 -7.86151E+01 -6.82377E+00 -4.93953E+02 -6.82377E+00 -4.93953E+02  1.38133E-02  0.00000E+00
             13  1.07714E+02 -8.02105E+00  6.76788E+02 -8.02105E+00  6.76788E+02  1.18508E-02  0.00000E+00
             14 -1.07714E+02 -8.02105E+00 -6.76788E+02 -8.02105E+00 -6.76788E+02  1.18508E-02  0.00000E+00
             15  1.35469E+02 -9.51149E+00  8.51177E+02 -9.51149E+00  8.51177E+02  1.11738E-02  0.00000E+00
             16 -1.35469E+02 -9.51149E+00 -8.51177E+02 -9.51149E+00 -8.51177E+02  1.11738E-02  0.00000E+00
             17  1.66550E+02 -1.15844E+01  1.04646E+03 -1.15844E+01  1.04646E+03  1.10693E-02  0.00000E+00
             18 -1.66550E+02 -1.15844E+01 -1.04646E+03 -1.15844E+01 -1.04646E+03  1.10693E-02  0.00000E+00
             19  1.74819E+02 -1.22078E+01  1.09842E+03 -1.22078E+01  1.09842E+03  1.11132E-02  0.00000E+00
             20 -1.74819E+02 -1.22078E+01 -1.09842E+03 -1.22078E+01 -1.09842E+03  1.11132E-02  0.00000E+00
             21  2.17321E+02 -1.58883E+01  1.36547E+03 -1.58883E+01  1.36547E+03  1.16350E-02  0.00000E+00
             22 -2.17321E+02 -1.58883E+01 -1.36547E+03 -1.58883E+01 -1.36547E+03  1.16350E-02  0.00000E+00
             23  2.55370E+02 -1.98603E+01  1.60454E+03 -1.98603E+01  1.60454E+03  1.23766E-02  0.00000E+00
             24 -2.55370E+02 -1.98603E+01 -1.60454E+03 -1.98603E+01 -1.60454E+03  1.23766E-02  0.00000E+00
             25  3.04496E+02 -2.59347E+01  1.91320E+03 -2.59347E+01  1.91320E+03  1.35544E-02  0.00000E+00
             26 -3.04496E+02 -2.59347E+01 -1.91320E+03 -2.59347E+01 -1.91320E+03  1.35544E-02  0.00000E+00
             27  3.25672E+02 -2.88820E+01  2.04626E+03 -2.88820E+01  2.04626E+03  1.41132E-02  0.00000E+00
             28 -3.25672E+02 -2.88820E+01 -2.04626E+03 -2.88820E+01 -2.04626E+03  1.41132E-02  0.00000E+00
             29  3.61945E+02 -3.43912E+01  2.27417E+03 -3.43912E+01  2.27417E+03  1.51208E-02  0.00000E+00
             30 -3.61945E+02 -3.43912E+01 -2.27417E+03 -3.43912E+01 -2.27417E+03  1.51208E-02  0.00000E+00
             31  4.04679E+02 -4.16278E+01  2.54267E+03 -4.16278E+01  2.54267E+03  1.63695E-02  0.00000E+00
             32 -4.04679E+02 -4.16278E+01 -2.54267E+03 -4.16278E+01 -2.54267E+03  1.63695E-02  0.00000E+00
             33  4.64027E+02 -5.30173E+01  2.91556E+03 -5.30173E+01  2.91556E+03  1.81812E-02  0.00000E+00
             34 -4.64027E+02 -5.30173E+01 -2.91556E+03 -5.30173E+01 -2.91556E+03  1.81812E-02  0.00000E+00
             35  4.91305E+02 -5.87750E+01  3.08696E+03 -5.87750E+01  3.08696E+03  1.90363E-02  0.00000E+00
             36 -4.91305E+02 -5.87750E+01 -3.08696E+03 -5.87750E+01 -3.08696E+03  1.90363E-02  0.00000E+00
             37  5.32195E+02 -6.80221E+01  3.34388E+03 -6.80221E+01  3.34388E+03  2.03381E-02  0.00000E+00
             38 -5.32195E+02 -6.80221E+01 -3.34388E+03 -6.80221E+01 -3.34388E+03  2.03381E-02  0.00000E+00
             39  5.81161E+02 -8.00693E+01  3.65154E+03 -8.00693E+01  3.65154E+03  2.19223E-02  0.00000E+00
             40 -5.81161E+02 -8.00693E+01 -3.65154E+03 -8.00693E+01 -3.65154E+03  2.19223E-02  0.00000E+00
             41  6.50160E+02 -9.88472E+01  4.08508E+03 -9.88472E+01  4.08508E+03  2.41901E-02  0.00000E+00
             42 -6.50160E+02 -9.88472E+01 -4.08508E+03 -9.88472E+01 -4.08508E+03  2.41901E-02  0.00000E+00
             43  6.63401E+02 -1.02692E+02  4.16827E+03 -1.02692E+02  4.16827E+03  2.46291E-02  0.00000E+00
             44 -6.63401E+02 -1.02692E+02 -4.16827E+03 -1.02692E+02 -4.16827E+03  2.46291E-02  0.00000E+00
             45  7.24046E+02 -1.21294E+02  4.54931E+03 -1.21294E+02  4.54931E+03  2.66525E-02  0.00000E+00
             46 -7.24046E+02 -1.21294E+02 -4.54931E+03 -1.21294E+02 -4.54931E+03  2.66525E-02  0.00000E+00
             47  7.80579E+02 -1.40103E+02  4.90452E+03 -1.40103E+02  4.90452E+03  2.85543E-02  0.00000E+00
             48 -7.80579E+02 -1.40103E+02 -4.90452E+03 -1.40103E+02 -4.90452E+03  2.85543E-02  0.00000E+00
             49  8.38005E+02 -1.60660E+02  5.26534E+03 -1.60660E+02  5.26534E+03  3.04986E-02  0.00000E+00
             50 -8.38005E+02 -1.60660E+02 -5.26534E+03 -1.60660E+02 -5.26534E+03  3.04986E-02  0.00000E+00
             51  8.60448E+02 -1.69092E+02  5.40635E+03 -1.69092E+02  5.40635E+03  3.12613E-02  0.00000E+00
             52 -8.60448E+02 -1.69092E+02 -5.40635E+03 -1.69092E+02 -5.40635E+03  3.12613E-02  0.00000E+00
             53  9.40446E+02 -2.00968E+02  5.90900E+03 -2.00968E+02  5.90900E+03  3.39909E-02  0.00000E+00
             54 -9.40446E+02 -2.00968E+02 -5.90900E+03 -2.00968E+02 -5.90900E+03  3.39909E-02  0.00000E+00
             55  9.84302E+02 -2.19650E+02  6.18455E+03 -2.19650E+02  6.18455E+03  3.54936E-02  0.00000E+00
             56 -9.84302E+02 -2.19650E+02 -6.18455E+03 -2.19650E+02 -6.18455E+03  3.54936E-02  0.00000E+00
             57  1.03057E+03 -2.40285E+02  6.47523E+03 -2.40285E+02  6.47523E+03  3.70828E-02  0.00000E+00
             58 -1.03057E+03 -2.40285E+02 -6.47523E+03 -2.40285E+02 -6.47523E+03  3.70828E-02  0.00000E+00
             59  1.09102E+03 -2.68684E+02  6.85506E+03 -2.68684E+02  6.85506E+03  3.91649E-02  0.00000E+00
             60 -1.09102E+03 -2.68684E+02 -6.85506E+03 -2.68684E+02 -6.85506E+03  3.91649E-02  0.00000E+00
             61  1.16403E+03 -3.05153E+02  7.31379E+03 -3.05153E+02  7.31379E+03  4.16867E-02  0.00000E+00
             62 -1.16403E+03 -3.05153E+02 -7.31379E+03 -3.05153E+02 -7.31379E+03  4.16867E-02  0.00000E+00
             63  1.17955E+03 -3.13217E+02  7.41136E+03 -3.13217E+02  7.41136E+03  4.22240E-02  0.00000E+00
             64 -1.17955E+03 -3.13217E+02 -7.41136E+03 -3.13217E+02 -7.41136E+03  4.22240E-02  0.00000E+00
             65  1.26898E+03 -3.61748E+02  7.97325E+03 -3.61748E+02  7.97325E+03  4.53235E-02  0.00000E+00
             66 -1.26898E+03 -3.61748E+02 -7.97325E+03 -3.61748E+02 -7.97325E+03  4.53235E-02  0.00000E+00
             67  1.31145E+03 -3.86044E+02  8.24006E+03 -3.86044E+02  8.24006E+03  4.67983E-02  0.00000E+00
             68 -1.31145E+03 -3.86044E+02 -8.24006E+03 -3.86044E+02 -8.24006E+03  4.67983E-02  0.00000E+00
             69  1.36518E+03 -4.17946E+02  8.57771E+03 -4.17946E+02  8.57771E+03  4.86669E-02  0.00000E+00
             70 -1.36518E+03 -4.17946E+02 -8.57771E+03 -4.17946E+02 -8.57771E+03  4.86669E-02  0.00000E+00
             71  1.43216E+03 -4.59517E+02  8.99852E+03 -4.59517E+02  8.99852E+03  5.09994E-02  0.00000E+00
             72 -1.43216E+03 -4.59517E+02 -8.99852E+03 -4.59517E+02 -8.99852E+03  5.09994E-02  0.00000E+00
             73  1.48917E+03 -4.96489E+02  9.35674E+03 -4.96489E+02  9.35674E+03  5.29877E-02  0.00000E+00
             74 -1.48917E+03 -4.96489E+02 -9.35674E+03 -4.96489E+02 -9.35674E+03  5.29877E-02  0.00000E+00
             75  1.53033E+03 -5.24084E+02  9.61532E+03 -5.24084E+02  9.61532E+03  5.44244E-02  0.00000E+00
             76 -1.53033E+03 -5.24084E+02 -9.61532E+03 -5.24084E+02 -9.61532E+03  5.44244E-02  0.00000E+00
             77  1.62595E+03 -5.91146E+02  1.02162E+04 -5.91146E+02  1.02162E+04  5.77672E-02  0.00000E+00
             78 -1.62595E+03 -5.91146E+02 -1.02162E+04 -5.91146E+02 -1.02162E+04  5.77672E-02  0.00000E+00
             79  1.63313E+03 -5.96349E+02  1.02613E+04 -5.96349E+02  1.02613E+04  5.80184E-02  0.00000E+00
             80 -1.63313E+03 -5.96349E+02 -1.02613E+04 -5.96349E+02 -1.02613E+04  5.80184E-02  0.00000E+00
             81  1.72273E+03 -6.63210E+02  1.08243E+04 -6.63210E+02  1.08243E+04  6.11560E-02  0.00000E+00
             82 -1.72273E+03 -6.63210E+02 -1.08243E+04 -6.63210E+02 -1.08243E+04  6.11560E-02  0.00000E+00
             83  1.77231E+03 -7.01762E+02  1.11357E+04 -7.01762E+02  1.11357E+04  6.28941E-02  0.00000E+00
             84 -1.77231E+03 -7.01762E+02 -1.11357E+04 -7.01762E+02 -1.11357E+04  6.28941E-02  0.00000E+00
             85  1.82423E+03 -7.43330E+02  1.14620E+04 -7.43330E+02  1.14620E+04  6.47158E-02  0.00000E+00
             86 -1.82423E+03 -7.43330E+02 -1.14620E+04 -7.43330E+02 -1.14620E+04  6.47158E-02  0.00000E+00
             87  1.89148E+03 -7.98983E+02  1.18845E+04 -7.98983E+02  1.18845E+04  6.70774E-02  0.00000E+00
             88 -1.89148E+03 -7.98983E+02 -1.18845E+04 -7.98983E+02 -1.18845E+04  6.70774E-02  0.00000E+00
             89  1.94085E+03 -8.41146E+02  1.21947E+04 -8.41146E+02  1.21947E+04  6.88127E-02  0.00000E+00
             90 -1.94085E+03 -8.41146E+02 -1.21947E+04 -8.41146E+02 -1.21947E+04  6.88127E-02  0.00000E+00
             91  1.99256E+03 -8.86491E+02  1.25196E+04 -8.86491E+02  1.25196E+04  7.06313E-02  0.00000E+00
             92 -1.99256E+03 -8.86491E+02 -1.25196E+04 -8.86491E+02 -1.25196E+04  7.06313E-02  0.00000E+00
             93  2.06826E+03 -9.55070E+02  1.29952E+04 -9.55070E+02  1.29952E+04  7.32962E-02  0.00000E+00
             94 -2.06826E+03 -9.55070E+02 -1.29952E+04 -9.55070E+02 -1.29952E+04  7.32962E-02  0.00000E+00
             95  2.08799E+03 -9.73381E+02  1.31192E+04 -9.73381E+02  1.31192E+04  7.39915E-02  0.00000E+00
             96 -2.08799E+03 -9.73381E+02 -1.31192E+04 -9.73381E+02 -1.31192E+04  7.39915E-02  0.00000E+00
             97  2.18082E+03 -1.06188E+03  1.37025E+04 -1.06188E+03  1.37025E+04  7.72638E-02  0.00000E+00
             98 -2.18082E+03 -1.06188E+03 -1.37025E+04 -1.06188E+03 -1.37025E+04  7.72638E-02  0.00000E+00
             99  2.19177E+03 -1.07258E+03  1.37713E+04 -1.07258E+03  1.37713E+04  7.76502E-02  0.00000E+00
            100 -2.19177E+03 -1.07258E+03 -1.37713E+04 -1.07258E+03 -1.37713E+04  7.76502E-02  0.00000E+00
            101  2.27153E+03 -1.15217E+03  1.42724E+04 -1.15217E+03  1.42724E+04  8.04655E-02  0.00000E+00
            102 -2.27153E+03 -1.15217E+03 -1.42724E+04 -1.15217E+03 -1.42724E+04  8.04655E-02  0.00000E+00
            103  2.30600E+03 -1.18747E+03  1.44890E+04 -1.18747E+03  1.44890E+04  8.16830E-02  0.00000E+00
            104 -2.30600E+03 -1.18747E+03 -1.44890E+04 -1.18747E+03 -1.44890E+04  8.16830E-02  0.00000E+00
            105  2.36044E+03 -1.24435E+03  1.48311E+04 -1.24435E+03  1.48311E+04  8.36074E-02  0.00000E+00
            106 -2.36044E+03 -1.24435E+03 -1.48311E+04 -1.24435E+03 -1.48311E+04  8.36074E-02  0.00000E+00
            107  2.40796E+03 -1.29510E+03  1.51297E+04 -1.29510E+03  1.51297E+04  8.52880E-02  0.00000E+00
            108 -2.40796E+03 -1.29510E+03 -1.51297E+04 -1.29510E+03 -1.51297E+04  8.52880E-02  0.00000E+00
            109  2.44823E+03 -1.33892E+03  1.53827E+04 -1.33892E+03  1.53827E+04  8.67128E-02  0.00000E+00
            110 -2.44823E+03 -1.33892E+03 -1.53827E+04 -1.33892E+03 -1.53827E+04  8.67128E-02  0.00000E+00
            111  2.49673E+03 -1.39269E+03  1.56874E+04 -1.39269E+03  1.56874E+04  8.84300E-02  0.00000E+00
            112 -2.49673E+03 -1.39269E+03 -1.56874E+04 -1.39269E+03 -1.56874E+04  8.84300E-02  0.00000E+00
            113  2.53438E+03 -1.43519E+03  1.59240E+04 -1.43519E+03  1.59240E+04  8.97637E-02  0.00000E+00
            114 -2.53438E+03 -1.43519E+03 -1.59240E+04 -1.43519E+03 -1.59240E+04  8.97637E-02  0.00000E+00
            115  2.57486E+03 -1.48162E+03  1.61783E+04 -1.48162E+03  1.61783E+04  9.11987E-02  0.00000E+00
            116 -2.57486E+03 -1.48162E+03 -1.61783E+04 -1.48162E+03 -1.61783E+04  9.11987E-02  0.00000E+00
            117  2.61543E+03 -1.52891E+03  1.64332E+04 -1.52891E+03  1.64332E+04  9.26374E-02  0.00000E+00
            118 -2.61543E+03 -1.52891E+03 -1.64332E+04 -1.52891E+03 -1.64332E+04  9.26374E-02  0.00000E+00
            119  2.64505E+03 -1.56391E+03  1.66193E+04 -1.56391E+03  1.66193E+04  9.36881E-02  0.00000E+00
            120 -2.64505E+03 -1.56391E+03 -1.66193E+04 -1.56391E+03 -1.66193E+04  9.36881E-02  0.00000E+00
            121  2.68833E+03 -1.61581E+03  1.68913E+04 -1.61581E+03  1.68913E+04  9.52245E-02  0.00000E+00
            122 -2.68833E+03 -1.61581E+03 -1.68913E+04 -1.61581E+03 -1.68913E+04  9.52245E-02  0.00000E+00
            123  2.70830E+03 -1.64004E+03  1.70167E+04 -1.64004E+03  1.70167E+04  9.59335E-02  0.00000E+00
            124 -2.70830E+03 -1.64004E+03 -1.70167E+04 -1.64004E+03 -1.70167E+04  9.59335E-02  0.00000E+00
            125  2.75206E+03 -1.69380E+03  1.72917E+04 -1.69380E+03  1.72917E+04  9.74881E-02  0.00000E+00
            126 -2.75206E+03 -1.69380E+03 -1.72917E+04 -1.69380E+03 -1.72917E+04  9.74881E-02  0.00000E+00
            127  2.76482E+03 -1.70964E+03  1.73719E+04 -1.70964E+03  1.73719E+04  9.79414E-02  0.00000E+00
            128 -2.76482E+03 -1.70964E+03 -1.73719E+04 -1.70964E+03 -1.73719E+04  9.79414E-02  0.00000E+00
            129  2.80669E+03 -1.76217E+03  1.76349E+04 -1.76217E+03  1.76349E+04  9.94300E-02  0.00000E+00
            130 -2.80669E+03 -1.76217E+03 -1.76349E+04 -1.76217E+03 -1.76349E+04  9.94300E-02  0.00000E+00
            131  2.81456E+03 -1.77214E+03  1.76844E+04 -1.77214E+03  1.76844E+04  9.97098E-02  0.00000E+00
            132 -2.81456E+03 -1.77214E+03 -1.76844E+04 -1.77214E+03 -1.76844E+04  9.97098E-02  0.00000E+00
            133  2.85269E+03 -1.82084E+03  1.79240E+04 -1.82084E+03  1.79240E+04  1.01066E-01  0.00000E+00
            134 -2.85269E+03 -1.82084E+03 -1.79240E+04 -1.82084E+03 -1.79240E+04  1.01066E-01  0.00000E+00
            135  2.85745E+03 -1.82696E+03  1.79539E+04 -1.82696E+03  1.79539E+04  1.01236E-01  0.00000E+00
            136 -2.85745E+03 -1.82696E+03 -1.79539E+04 -1.82696E+03 -1.79539E+04  1.01236E-01  0.00000E+00
            137  2.89063E+03 -1.86996E+03  1.81624E+04 -1.86996E+03  1.81624E+04  1.02417E-01  0.00000E+00
            138 -2.89063E+03 -1.86996E+03 -1.81624E+04 -1.86996E+03 -1.81624E+04  1.02417E-01  0.00000E+00
            139  2.89348E+03 -1.87368E+03  1.81803E+04 -1.87368E+03  1.81803E+04  1.02518E-01  0.00000E+00
            140 -2.89348E+03 -1.87368E+03 -1.81803E+04 -1.87368E+03 -1.81803E+04  1.02518E-01  0.00000E+00
            141  2.92102E+03 -1.90980E+03  1.83533E+04 -1.90980E+03  1.83533E+04  1.03499E-01  0.00000E+00
            142 -2.92102E+03 -1.90980E+03 -1.83533E+04 -1.90980E+03 -1.83533E+04  1.03499E-01  0.00000E+00
            143  2.92269E+03 -1.91199E+03  1.83638E+04 -1.91199E+03  1.83638E+04  1.03558E-01  0.00000E+00
            144 -2.92269E+03 -1.91199E+03 -1.83638E+04 -1.91199E+03 -1.83638E+04  1.03558E-01  0.00000E+00
            145  2.94428E+03 -1.94058E+03  1.84994E+04 -1.94058E+03  1.84994E+04  1.04327E-01  0.00000E+00
            146 -2.94428E+03 -1.94058E+03 -1.84994E+04 -1.94058E+03 -1.84994E+04  1.04327E-01  0.00000E+00
            147  2.94518E+03 -1.94178E+03  1.85051E+04 -1.94178E+03  1.85051E+04  1.04359E-01  0.00000E+00
            148 -2.94518E+03 -1.94178E+03 -1.85051E+04 -1.94178E+03 -1.85051E+04  1.04359E-01  0.00000E+00
            149  2.96070E+03 -1.96247E+03  1.86026E+04 -1.96247E+03  1.86026E+04  1.04912E-01  0.00000E+00
            150 -2.96070E+03 -1.96247E+03 -1.86026E+04 -1.96247E+03 -1.86026E+04  1.04912E-01  0.00000E+00
            151  2.96110E+03 -1.96300E+03  1.86051E+04 -1.96300E+03  1.86051E+04  1.04926E-01  0.00000E+00
            152 -2.96110E+03 -1.96300E+03 -1.86051E+04 -1.96300E+03 -1.86051E+04  1.04926E-01  0.00000E+00
            153  2.97048E+03 -1.97557E+03  1.86641E+04 -1.97557E+03  1.86641E+04  1.05261E-01  0.00000E+00
            154 -2.97048E+03 -1.97557E+03 -1.86641E+04 -1.97557E+03 -1.86641E+04  1.05261E-01  0.00000E+00
            155  2.97058E+03 -1.97570E+03  1.86647E+04 -1.97570E+03  1.86647E+04  1.05264E-01  0.00000E+00
            156 -2.97058E+03 -1.97570E+03 -1.86647E+04 -1.97570E+03 -1.86647E+04  1.05264E-01  0.00000E+00
            157  3.56857E+03 -2.86312E+03  2.24220E+04 -2.86312E+03  2.24220E+04  1.26664E-01  0.00000E+00
            158 -3.56857E+03 -2.86312E+03 -2.24220E+04 -2.86312E+03 -2.24220E+04  1.26664E-01  0.00000E+00
            159  3.57375E+03 -2.87157E+03  2.24546E+04 -2.87157E+03  2.24546E+04  1.26850E-01  0.00000E+00
            160 -3.57375E+03 -2.87157E+03 -2.24546E+04 -2.87157E+03 -2.24546E+04  1.26850E-01  0.00000E+00
            161  3.58246E+03 -2.88578E+03  2.25093E+04 -2.88578E+03  2.25093E+04  1.27163E-01  0.00000E+00
            162 -3.58246E+03 -2.88578E+03 -2.25093E+04 -2.88578E+03 -2.25093E+04  1.27163E-01  0.00000E+00
            163  3.59476E+03 -2.90592E+03  2.25865E+04 -2.90592E+03  2.25865E+04  1.27605E-01  0.00000E+00
            164 -3.59476E+03 -2.90592E+03 -2.25865E+04 -2.90592E+03 -2.25865E+04  1.27605E-01  0.00000E+00
            165  3.61073E+03 -2.93219E+03  2.26869E+04 -2.93219E+03  2.26869E+04  1.28180E-01  0.00000E+00
            166 -3.61073E+03 -2.93219E+03 -2.26869E+04 -2.93219E+03 -2.26869E+04  1.28180E-01  0.00000E+00
            167  3.63043E+03 -2.96476E+03  2.28107E+04 -2.96476E+03  2.28107E+04  1.28888E-01  0.00000E+00
            168 -3.63043E+03 -2.96476E+03 -2.28107E+04 -2.96476E+03 -2.28107E+04  1.28888E-01  0.00000E+00
            169  3.65378E+03 -3.00361E+03  2.29574E+04 -3.00361E+03  2.29574E+04  1.29729E-01  0.00000E+00
            170 -3.65378E+03 -3.00361E+03 -2.29574E+04 -3.00361E+03 -2.29574E+04  1.29729E-01  0.00000E+00
            171  3.68056E+03 -3.04850E+03  2.31256E+04 -3.04850E+03  2.31256E+04  1.30693E-01  0.00000E+00
            172 -3.68056E+03 -3.04850E+03 -2.31256E+04 -3.04850E+03 -2.31256E+04  1.30693E-01  0.00000E+00
            173  3.71045E+03 -3.09902E+03  2.33135E+04 -3.09902E+03  2.33135E+04  1.31769E-01  0.00000E+00
            174 -3.71045E+03 -3.09902E+03 -2.33135E+04 -3.09902E+03 -2.33135E+04  1.31769E-01  0.00000E+00
            175  3.74354E+03 -3.15545E+03  2.35213E+04 -3.15545E+03  2.35213E+04  1.32961E-01  0.00000E+00
            176 -3.74354E+03 -3.15545E+03 -2.35213E+04 -3.15545E+03 -2.35213E+04  1.32961E-01  0.00000E+00
            177  3.78095E+03 -3.21991E+03  2.37564E+04 -3.21991E+03  2.37564E+04  1.34310E-01  0.00000E+00
            178 -3.78095E+03 -3.21991E+03 -2.37564E+04 -3.21991E+03 -2.37564E+04  1.34310E-01  0.00000E+00
            179  3.82482E+03 -3.29636E+03  2.40320E+04 -3.29636E+03  2.40320E+04  1.35893E-01  0.00000E+00
            180 -3.82482E+03 -3.29636E+03 -2.40320E+04 -3.29636E+03 -2.40320E+04  1.35893E-01  0.00000E+00
            181  3.87735E+03 -3.38916E+03  2.43621E+04 -3.38916E+03  2.43621E+04  1.37789E-01  0.00000E+00
            182 -3.87735E+03 -3.38916E+03 -2.43621E+04 -3.38916E+03 -2.43621E+04  1.37789E-01  0.00000E+00
            183  3.94018E+03 -3.50197E+03  2.47569E+04 -3.50197E+03  2.47569E+04  1.40060E-01  0.00000E+00
            184 -3.94018E+03 -3.50197E+03 -2.47569E+04 -3.50197E+03 -2.47569E+04  1.40060E-01  0.00000E+00
            185  4.01443E+03 -3.63780E+03  2.52234E+04 -3.63780E+03  2.52234E+04  1.42746E-01  0.00000E+00
            186 -4.01443E+03 -3.63780E+03 -2.52234E+04 -3.63780E+03 -2.52234E+04  1.42746E-01  0.00000E+00
            187  4.10091E+03 -3.79948E+03  2.57668E+04 -3.79948E+03  2.57668E+04  1.45879E-01  0.00000E+00
            188 -4.10091E+03 -3.79948E+03 -2.57668E+04 -3.79948E+03 -2.57668E+04  1.45879E-01  0.00000E+00
            189  4.20014E+03 -3.98965E+03  2.63903E+04 -3.98965E+03  2.63903E+04  1.49480E-01  0.00000E+00
            190 -4.20014E+03 -3.98965E+03 -2.63903E+04 -3.98965E+03 -2.63903E+04  1.49480E-01  0.00000E+00
            191  4.31232E+03 -4.21063E+03  2.70951E+04 -4.21063E+03  2.70951E+04  1.53559E-01  0.00000E+00
            192 -4.31232E+03 -4.21063E+03 -2.70951E+04 -4.21063E+03 -2.70951E+04  1.53559E-01  0.00000E+00
            193  4.43720E+03 -4.46418E+03  2.78797E+04 -4.46418E+03  2.78797E+04  1.58109E-01  0.00000E+00
            194 -4.43720E+03 -4.46418E+03 -2.78797E+04 -4.46418E+03 -2.78797E+04  1.58109E-01  0.00000E+00
            195  4.57412E+03 -4.75141E+03  2.87400E+04 -4.75141E+03  2.87400E+04  1.63110E-01  0.00000E+00
            196 -4.57412E+03 -4.75141E+03 -2.87400E+04 -4.75141E+03 -2.87400E+04  1.63110E-01  0.00000E+00
            197  4.72203E+03 -5.07267E+03  2.96694E+04 -5.07267E+03  2.96694E+04  1.68528E-01  0.00000E+00
            198 -4.72203E+03 -5.07267E+03 -2.96694E+04 -5.07267E+03 -2.96694E+04  1.68528E-01  0.00000E+00
            199  4.87964E+03 -5.42766E+03  3.06597E+04 -5.42766E+03  3.06597E+04  1.74319E-01  0.00000E+00
            200 -4.87964E+03 -5.42766E+03 -3.06597E+04 -5.42766E+03 -3.06597E+04  1.74319E-01  0.00000E+00
            201  5.04542E+03 -5.81534E+03  3.17013E+04 -5.81534E+03  3.17013E+04  1.80431E-01  0.00000E+00
            202 -5.04542E+03 -5.81534E+03 -3.17013E+04 -5.81534E+03 -3.17013E+04  1.80431E-01  0.00000E+00
            203  5.21737E+03 -6.23312E+03  3.27817E+04 -6.23312E+03  3.27817E+04  1.86794E-01  0.00000E+00
            204 -5.21737E+03 -6.23312E+03 -3.27817E+04 -6.23312E+03 -3.27817E+04  1.86794E-01  0.00000E+00
            205  5.30034E+03 -6.44052E+03  3.33030E+04 -6.44052E+03  3.33030E+04  1.89873E-01  0.00000E+00
            206 -5.30034E+03 -6.44052E+03 -3.33030E+04 -6.44052E+03 -3.33030E+04  1.89873E-01  0.00000E+00
            207  5.31371E+03 -6.47427E+03  3.33870E+04 -6.47427E+03  3.33870E+04  1.90370E-01  0.00000E+00
            208 -5.31371E+03 -6.47427E+03 -3.33870E+04 -6.47427E+03 -3.33870E+04  1.90370E-01  0.00000E+00
            209  5.33688E+03 -6.53303E+03  3.35326E+04 -6.53303E+03  3.35326E+04  1.91231E-01  0.00000E+00
            210 -5.33688E+03 -6.53303E+03 -3.35326E+04 -6.53303E+03 -3.35326E+04  1.91231E-01  0.00000E+00
            211  5.36529E+03 -6.60549E+03  3.37111E+04 -6.60549E+03  3.37111E+04  1.92288E-01  0.00000E+00
            212 -5.36529E+03 -6.60549E+03 -3.37111E+04 -6.60549E+03 -3.37111E+04  1.92288E-01  0.00000E+00
            213  5.39665E+03 -6.68601E+03  3.39082E+04 -6.68601E+03  3.39082E+04  1.93455E-01  0.00000E+00
            214 -5.39665E+03 -6.68601E+03 -3.39082E+04 -6.68601E+03 -3.39082E+04  1.93455E-01  0.00000E+00
            215  5.40838E+03 -6.71625E+03  3.39818E+04 -6.71625E+03  3.39818E+04  1.93892E-01  0.00000E+00
            216 -5.40838E+03 -6.71625E+03 -3.39818E+04 -6.71625E+03 -3.39818E+04  1.93892E-01  0.00000E+00
            217  5.45994E+03 -6.85015E+03  3.43058E+04 -6.85015E+03  3.43058E+04  1.95813E-01  0.00000E+00
            218 -5.45994E+03 -6.85015E+03 -3.43058E+04 -6.85015E+03 -3.43058E+04  1.95813E-01  0.00000E+00
            219  5.51126E+03 -6.98488E+03  3.46282E+04 -6.98488E+03  3.46282E+04  1.97728E-01  0.00000E+00
            220 -5.51126E+03 -6.98488E+03 -3.46282E+04 -6.98488E+03 -3.46282E+04  1.97728E-01  0.00000E+00
            221  5.57946E+03 -7.16624E+03  3.50568E+04 -7.16624E+03  3.50568E+04  2.00277E-01  0.00000E+00
            222 -5.57946E+03 -7.16624E+03 -3.50568E+04 -7.16624E+03 -3.50568E+04  2.00277E-01  0.00000E+00
            223  5.58015E+03 -7.16810E+03  3.50611E+04 -7.16810E+03  3.50611E+04  2.00303E-01  0.00000E+00
            224 -5.58015E+03 -7.16810E+03 -3.50611E+04 -7.16810E+03 -3.50611E+04  2.00303E-01  0.00000E+00
            225  5.65627E+03 -7.37367E+03  3.55394E+04 -7.37367E+03  3.55394E+04  2.03152E-01  0.00000E+00
            226 -5.65627E+03 -7.37367E+03 -3.55394E+04 -7.37367E+03 -3.55394E+04  2.03152E-01  0.00000E+00
            227  5.72333E+03 -7.55752E+03  3.59607E+04 -7.55752E+03  3.59607E+04  2.05668E-01  0.00000E+00
            228 -5.72333E+03 -7.55752E+03 -3.59607E+04 -7.55752E+03 -3.59607E+04  2.05668E-01  0.00000E+00
            229  5.77635E+03 -7.70472E+03  3.62939E+04 -7.70472E+03  3.62939E+04  2.07659E-01  0.00000E+00
            230 -5.77635E+03 -7.70472E+03 -3.62939E+04 -7.70472E+03 -3.62939E+04  2.07659E-01  0.00000E+00
            231  5.81723E+03 -7.81932E+03  3.65508E+04 -7.81932E+03  3.65508E+04  2.09197E-01  0.00000E+00
            232 -5.81723E+03 -7.81932E+03 -3.65508E+04 -7.81932E+03 -3.65508E+04  2.09197E-01  0.00000E+00
            233  5.91390E+03 -8.09417E+03  3.71581E+04 -8.09417E+03  3.71581E+04  2.12839E-01  0.00000E+00
            234 -5.91390E+03 -8.09417E+03 -3.71581E+04 -8.09417E+03 -3.71581E+04  2.12839E-01  0.00000E+00
            235  5.95205E+03 -8.20415E+03  3.73978E+04 -8.20415E+03  3.73978E+04  2.14279E-01  0.00000E+00
            236 -5.95205E+03 -8.20415E+03 -3.73978E+04 -8.20415E+03 -3.73978E+04  2.14279E-01  0.00000E+00
            237  6.01992E+03 -8.40193E+03  3.78243E+04 -8.40193E+03  3.78243E+04  2.16845E-01  0.00000E+00
            238 -6.01992E+03 -8.40193E+03 -3.78243E+04 -8.40193E+03 -3.78243E+04  2.16845E-01  0.00000E+00
            239  6.10374E+03 -8.64996E+03  3.83509E+04 -8.64996E+03  3.83509E+04  2.20021E-01  0.00000E+00
            240 -6.10374E+03 -8.64996E+03 -3.83509E+04 -8.64996E+03 -3.83509E+04  2.20021E-01  0.00000E+00
            241  6.16018E+03 -8.81933E+03  3.87055E+04 -8.81933E+03  3.87055E+04  2.22163E-01  0.00000E+00
            242 -6.16018E+03 -8.81933E+03 -3.87055E+04 -8.81933E+03 -3.87055E+04  2.22163E-01  0.00000E+00
            243  6.22249E+03 -9.00856E+03  3.90971E+04 -9.00856E+03  3.90971E+04  2.24532E-01  0.00000E+00
            244 -6.22249E+03 -9.00856E+03 -3.90971E+04 -9.00856E+03 -3.90971E+04  2.24532E-01  0.00000E+00
            245  6.33727E+03 -9.36333E+03  3.98182E+04 -9.36333E+03  3.98182E+04  2.28908E-01  0.00000E+00
            246 -6.33727E+03 -9.36333E+03 -3.98182E+04 -9.36333E+03 -3.98182E+04  2.28908E-01  0.00000E+00
            247  6.34018E+03 -9.37243E+03  3.98365E+04 -9.37243E+03  3.98365E+04  2.29019E-01  0.00000E+00
            248 -6.34018E+03 -9.37243E+03 -3.98365E+04 -9.37243E+03 -3.98365E+04  2.29019E-01  0.00000E+00
            249  6.46139E+03 -9.75608E+03  4.05981E+04 -9.75608E+03  4.05981E+04  2.33657E-01  0.00000E+00
            250 -6.46139E+03 -9.75608E+03 -4.05981E+04 -9.75608E+03 -4.05981E+04  2.33657E-01  0.00000E+00
            251  6.51523E+03 -9.92943E+03  4.09364E+04 -9.92943E+03  4.09364E+04  2.35722E-01  0.00000E+00
            252 -6.51523E+03 -9.92943E+03 -4.09364E+04 -9.92943E+03 -4.09364E+04  2.35722E-01  0.00000E+00
            253  6.58802E+03 -1.01667E+04  4.13938E+04 -1.01667E+04  4.13938E+04  2.38520E-01  0.00000E+00
            254 -6.58802E+03 -1.01667E+04 -4.13938E+04 -1.01667E+04 -4.13938E+04  2.38520E-01  0.00000E+00
            255  6.67918E+03 -1.04686E+04  4.19665E+04 -1.04686E+04  4.19665E+04  2.42034E-01  0.00000E+00
            256 -6.67918E+03 -1.04686E+04 -4.19665E+04 -1.04686E+04 -4.19665E+04  2.42034E-01  0.00000E+00
            257  6.72819E+03 -1.06331E+04  4.22745E+04 -1.06331E+04  4.22745E+04  2.43927E-01  0.00000E+00
            258 -6.72819E+03 -1.06331E+04 -4.22745E+04 -1.06331E+04 -4.22745E+04  2.43927E-01  0.00000E+00
            259  6.81876E+03 -1.09412E+04  4.28435E+04 -1.09412E+04  4.28435E+04  2.47434E-01  0.00000E+00
            260 -6.81876E+03 -1.09412E+04 -4.28435E+04 -1.09412E+04 -4.28435E+04  2.47434E-01  0.00000E+00
            261  6.88935E+03 -1.11850E+04  4.32871E+04 -1.11850E+04  4.32871E+04  2.50175E-01  0.00000E+00
            262 -6.88935E+03 -1.11850E+04 -4.32871E+04 -1.11850E+04 -4.32871E+04  2.50175E-01  0.00000E+00
            263  6.94893E+03 -1.13934E+04  4.36614E+04 -1.13934E+04  4.36614E+04  2.52493E-01  0.00000E+00
            264 -6.94893E+03 -1.13934E+04 -4.36614E+04 -1.13934E+04 -4.36614E+04  2.52493E-01  0.00000E+00
            265  7.05402E+03 -1.17666E+04  4.43217E+04 -1.17666E+04  4.43217E+04  2.56594E-01  0.00000E+00
            266 -7.05402E+03 -1.17666E+04 -4.43217E+04 -1.17666E+04 -4.43217E+04  2.56594E-01  0.00000E+00
            267  7.07649E+03 -1.18474E+04  4.44629E+04 -1.18474E+04  4.44629E+04  2.57472E-01  0.00000E+00
            268 -7.07649E+03 -1.18474E+04 -4.44629E+04 -1.18474E+04 -4.44629E+04  2.57472E-01  0.00000E+00
            269  7.20200E+03 -1.23049E+04  4.52515E+04 -1.23049E+04  4.52515E+04  2.62394E-01  0.00000E+00
            270 -7.20200E+03 -1.23049E+04 -4.52515E+04 -1.23049E+04 -4.52515E+04  2.62394E-01  0.00000E+00
            271  7.21291E+03 -1.23452E+04  4.53201E+04 -1.23452E+04  4.53201E+04  2.62823E-01  0.00000E+00
            272 -7.21291E+03 -1.23452E+04 -4.53201E+04 -1.23452E+04 -4.53201E+04  2.62823E-01  0.00000E+00
            273  7.32489E+03 -1.27633E+04  4.60236E+04 -1.27633E+04  4.60236E+04  2.67235E-01  0.00000E+00
            274 -7.32489E+03 -1.27633E+04 -4.60236E+04 -1.27633E+04 -4.60236E+04  2.67235E-01  0.00000E+00
            275  7.36288E+03 -1.29072E+04  4.62623E+04 -1.29072E+04  4.62623E+04  2.68737E-01  0.00000E+00
            276 -7.36288E+03 -1.29072E+04 -4.62623E+04 -1.29072E+04 -4.62623E+04  2.68737E-01  0.00000E+00
            277  7.44433E+03 -1.32191E+04  4.67741E+04 -1.32191E+04  4.67741E+04  2.71963E-01  0.00000E+00
            278 -7.44433E+03 -1.32191E+04 -4.67741E+04 -1.32191E+04 -4.67741E+04  2.71963E-01  0.00000E+00
            279  7.50177E+03 -1.34418E+04  4.71350E+04 -1.34418E+04  4.71350E+04  2.74244E-01  0.00000E+00
            280 -7.50177E+03 -1.34418E+04 -4.71350E+04 -1.34418E+04 -4.71350E+04  2.74244E-01  0.00000E+00
            281  7.55951E+03 -1.36682E+04  4.74978E+04 -1.36682E+04  4.74978E+04  2.76542E-01  0.00000E+00
            282 -7.55951E+03 -1.36682E+04 -4.74978E+04 -1.36682E+04 -4.74978E+04  2.76542E-01  0.00000E+00
            283  7.62763E+03 -1.39383E+04  4.79258E+04 -1.39383E+04  4.79258E+04  2.79260E-01  0.00000E+00
            284 -7.62763E+03 -1.39383E+04 -4.79258E+04 -1.39383E+04 -4.79258E+04  2.79260E-01  0.00000E+00
            285  7.66971E+03 -1.41069E+04  4.81902E+04 -1.41069E+04  4.81902E+04  2.80943E-01  0.00000E+00
            286 -7.66971E+03 -1.41069E+04 -4.81902E+04 -1.41069E+04 -4.81902E+04  2.80943E-01  0.00000E+00
            287  7.73900E+03 -1.43873E+04  4.86255E+04 -1.43873E+04  4.86255E+04  2.83721E-01  0.00000E+00
            288 -7.73900E+03 -1.43873E+04 -4.86255E+04 -1.43873E+04 -4.86255E+04  2.83721E-01  0.00000E+00
            289  7.77385E+03 -1.45297E+04  4.88445E+04 -1.45297E+04  4.88445E+04  2.85121E-01  0.00000E+00
            290 -7.77385E+03 -1.45297E+04 -4.88445E+04 -1.45297E+04 -4.88445E+04  2.85121E-01  0.00000E+00
            291  7.83600E+03 -1.47859E+04  4.92351E+04 -1.47859E+04  4.92351E+04  2.87623E-01  0.00000E+00
            292 -7.83600E+03 -1.47859E+04 -4.92351E+04 -1.47859E+04 -4.92351E+04  2.87623E-01  0.00000E+00
            293  7.86940E+03 -1.49248E+04  4.94449E+04 -1.49248E+04  4.94449E+04  2.88970E-01  0.00000E+00
            294 -7.86940E+03 -1.49248E+04 -4.94449E+04 -1.49248E+04 -4.94449E+04  2.88970E-01  0.00000E+00
            295  7.91972E+03 -1.51357E+04  4.97611E+04 -1.51357E+04  4.97611E+04  2.91004E-01  0.00000E+00
            296 -7.91972E+03 -1.51357E+04 -4.97611E+04 -1.51357E+04 -4.97611E+04  2.91004E-01  0.00000E+00
            297  7.95316E+03 -1.52769E+04  4.99712E+04 -1.52769E+04  4.99712E+04  2.92358E-01  0.00000E+00
            298 -7.95316E+03 -1.52769E+04 -4.99712E+04 -1.52769E+04 -4.99712E+04  2.92358E-01  0.00000E+00
            299  7.99057E+03 -1.54360E+04  5.02063E+04 -1.54360E+04  5.02063E+04  2.93875E-01  0.00000E+00
            300 -7.99057E+03 -1.54360E+04 -5.02063E+04 -1.54360E+04 -5.02063E+04  2.93875E-01  0.00000E+00
            301  8.02284E+03 -1.55740E+04  5.04090E+04 -1.55740E+04  5.04090E+04  2.95186E-01  0.00000E+00
            302 -8.02284E+03 -1.55740E+04 -5.04090E+04 -1.55740E+04 -5.04090E+04  2.95186E-01  0.00000E+00
            303  8.04831E+03 -1.56835E+04  5.05690E+04 -1.56835E+04  5.05690E+04  2.96221E-01  0.00000E+00
            304 -8.04831E+03 -1.56835E+04 -5.05690E+04 -1.56835E+04 -5.05690E+04  2.96221E-01  0.00000E+00
            305  8.07728E+03 -1.58087E+04  5.07510E+04 -1.58087E+04  5.07510E+04  2.97401E-01  0.00000E+00
            306 -8.07728E+03 -1.58087E+04 -5.07510E+04 -1.58087E+04 -5.07510E+04  2.97401E-01  0.00000E+00
            307  8.09255E+03 -1.58750E+04  5.08470E+04 -1.58750E+04  5.08470E+04  2.98023E-01  0.00000E+00
            308 -8.09255E+03 -1.58750E+04 -5.08470E+04 -1.58750E+04 -5.08470E+04  2.98023E-01  0.00000E+00
            309  8.11601E+03 -1.59771E+04  5.09944E+04 -1.59771E+04  5.09944E+04  2.98980E-01  0.00000E+00
            310 -8.11601E+03 -1.59771E+04 -5.09944E+04 -1.59771E+04 -5.09944E+04  2.98980E-01  0.00000E+00
            311  8.12325E+03 -1.60088E+04  5.10399E+04 -1.60088E+04  5.10399E+04  2.99276E-01  0.00000E+00
            312 -8.12325E+03 -1.60088E+04 -5.10399E+04 -1.60088E+04 -5.10399E+04  2.99276E-01  0.00000E+00
            313  8.13907E+03 -1.60780E+04  5.11393E+04 -1.60780E+04  5.11393E+04  2.99922E-01  0.00000E+00
            314 -8.13907E+03 -1.60780E+04 -5.11393E+04 -1.60780E+04 -5.11393E+04  2.99922E-01  0.00000E+00
            315  8.14098E+03 -1.60863E+04  5.11513E+04 -1.60863E+04  5.11513E+04  3.00000E-01  0.00000E+00
            316 -8.14098E+03 -1.60863E+04 -5.11513E+04 -1.60863E+04 -5.11513E+04  3.00000E-01  0.00000E+00
 ----------------------------------------------------------------------------------------------------------
  
