$ENTER COMPONENT NAME = DFLT_COMP
$STRUCTURE
$NODE NSET = ALL_NODES
       1 0.00000000e+00 0.000000e+00 0.000000e+00
       2 8.33333333e-01 0.000000e+00 0.000000e+00
       3 1.66666667e+00 0.000000e+00 0.000000e+00
       4 2.50000000e+00 0.000000e+00 0.000000e+00
       5 3.33333333e+00 0.000000e+00 0.000000e+00
       6 4.16666667e+00 0.000000e+00 0.000000e+00
       7 5.00000000e+00 0.000000e+00 0.000000e+00
       8 5.83333333e+00 0.000000e+00 0.000000e+00
       9 6.66666667e+00 0.000000e+00 0.000000e+00
      10 7.50000000e+00 0.000000e+00 0.000000e+00
      11 8.33333333e+00 0.000000e+00 0.000000e+00
      12 9.16666667e+00 0.000000e+00 0.000000e+00
      13 1.00000000e+01 0.000000e+00 0.000000e+00
      14 4.16666667e-01 1.000000e+00 0.000000e+00
      15 1.25000000e+00 1.000000e+00 0.000000e+00
      16 2.08333333e+00 1.000000e+00 0.000000e+00
      17 2.91666667e+00 1.000000e+00 0.000000e+00
      18 3.75000000e+00 1.000000e+00 0.000000e+00
      19 4.58333333e+00 1.000000e+00 0.000000e+00
      20 5.41666667e+00 1.000000e+00 0.000000e+00
      21 6.25000000e+00 1.000000e+00 0.000000e+00
      22 7.08333333e+00 1.000000e+00 0.000000e+00
      23 7.91666667e+00 1.000000e+00 0.000000e+00
      24 8.75000000e+00 1.000000e+00 0.000000e+00
      25 9.58333333e+00 1.000000e+00 0.000000e+00
$ELEMENT TYPE = FLA2 ESET = TRUSS
       1        1        2
       2        2        3
       3        3        4
       4        4        5
       5        5        6
       6        6        7
       7        7        8
       8        8        9
       9        9       10
      10       10       11
      11       11       12
      12       12       13
      13       14       15
      14       15       16
      15       16       17
      16       17       18
      17       18       19
      18       19       20
      19       20       21
      20       21       22
      21       22       23
      22       23       24
      23       24       25
      24        1       14
      25       14        2
      26        2       15
      27       15        3
      28        3       16
      29       16        4
      30        4       17
      31       17        5
      32        5       18
      33       18        6
      34        6       19
      35       19        7
      36        7       20
      37       20        8
      38        8       21
      39       21        9
      40        9       22
      41       22       10
      42       10       23
      43       23       11
      44       11       24
      45       24       12
      46       12       25
      47       25       13
$END STRUCTURE
$EXIT COMPONENT
$FIN
