$ENTER COMPONENT  NAME = DFLT_COMP  DOFTYPE = DISP MATH
!------
   $STRUCTURE
!
      $MPC ISURFACE  DPDOFS = 1,2,3,4,5,6  DPITYP = NODE  DOFTYPE = DISP
                1 A           : C_A
                2 A           : D_A
                3 B           : C_B
                4 B           : D_B
!
      $SURFACE ELEMENTS  SURFID =          1  SYSTEM = LOCAL
            12430
            12431
            12432
            12433
            12434
            12435
            12436
            12437
            12438
            12439
            12440
            12441
            12442
            12443
            12444
            12445
            12446
            12447
            12448
            12449
            12450
            12451
            12452
            12453
            13441
            13442
            13443
            13444
            13445
            13446
            13447
            13448
            13449
            13450
            13451
            13452
            13453
            13454
            13455
            13456
            13457
            13458
            13459
            13460
            13461
            13462
            13463
            13464
            13649
            13650
            13651
            13652
            13653
            13654
            13655
            13656
            13657
            13658
            13659
            13660
            13661
            13662
            13663
            13664
            13665
            13666
            13667
            13668
            13852
            13853
            13854
            13855
            13856
            13857
            13858
            13859
            13860
            13861
            13862
            13863
            13864
            13865
            13866
            13867
            13868
            13869
            13870
            13871
            16232
            16233
            16234
            16235
            16236
            16237
            16238
            16239
            16240
            16241
            16242
            16243
            16244
            16245
            16246
            16247
            16248
            16249
            16250
            16251
            16252
            16253
            16254
            16255
            16256
            16257
            16258
            16259
            16260
            16261
            16262
            16263
            16264
            16265
            16266
            16267
            16268
            16269
            16270
            16271
            16272
            16273
            16274
            16275
            16276
            16277
            16278
            16279
            16280
            16281
            16282
            16283
            16284
            16285
            16286
            16287
            16288
            16289
            16290
            16291
            16292
            16293
            16294
            16295
            16296
            16297
            16298
            16299
            16300
            16301
            16302
            16303
            16304
            16305
            16306
            16307
            16308
            16309
            16310
            16311
            16312
            16313
            16314
            16315
            16316
            16317
            16318
            16319
            16320
            16321
            16322
            16323
            16324
            16325
            16326
            16327
            16328
            16329
            16330
            16331
            16332
            16333
            16334
            16335
            16336
            16337
            16338
            16339
            16340
            16341
            16342
            16343
            16344
            16345
            16346
            16347
            16348
            16349
            16350
            16351
            16352
            16353
            16354
            16355
            16356
            16357
            16358
            16359
            16360
            16361
            16362
            16363
            16364
            16365
            16366
            16367
            16368
            16369
            16370
            16371
            16372
            16373
            16374
            16375
            16376
            16377
            16378
            16379
            16380
            16381
            16382
            16383
            16384
            16385
            16386
            16387
            16388
            16389
            16390
            16391
            16392
            16393
            16394
            16395
            16396
            16397
            16398
            16399
            16400
            16401
            16402
            16403
            16404
            16405
            16406
            16407
            16408
            16409
            16410
            16411
            16412
            16413
            16414
            16415
            16416
            16417
            16418
            16419
            16420
            16421
            16422
            16423
            16424
            16425
            16426
            16427
            16428
            16429
            16430
            16431
            16432
            16433
            16434
            16435
            16436
            16437
            16438
            16439
            16440
            16441
            16442
            16443
            16444
            16445
            16446
            16447
            16448
            16449
            16450
            16451
            16452
            16453
            16454
            16455
            16456
            16457
            16458
            16459
            16460
            16461
            16462
            16463
            16464
            16465
            16466
            16467
            16468
            16469
            16470
            16471
            16472
            16473
            16474
            16475
            16476
            16477
            16478
            16479
            16480
            16481
            16482
            16483
            16484
            16485
            16486
            16487
            16488
            16489
            16490
            16491
            16492
            16493
            16494
            16495
            16496
            16497
            16498
            16499
            16500
            16501
            16502
            16503
            16504
            16505
            16506
            16507
            16508
            16509
            16510
            16511
            16512
            16513
            16514
            16515
            16516
            16517
            16518
            16519
            16520
            16521
            16522
            16523
            16524
            16525
            16526
            16527
            16528
            16529
            16530
            16531
            16532
            16533
            16534
            16535
            16536
            16537
            16538
            16539
            16540
            16541
            16542
            16543
            16544
            16545
            16546
            16547
            16548
            16549
            16550
            16551
            16552
            16553
            16554
            16555
            16556
            16557
            16558
            16559
            16560
            16561
            16562
            16563
            16564
            16565
            16566
            16567
            16568
            16569
            16570
            16571
            16572
            16573
            16574
            16575
            16576
            16577
            16578
            16579
            16580
            16581
            16582
            16583
            16584
            16585
            16586
            16587
            16588
            16589
            16590
            16591
            16592
            16593
            16594
            16595
            16596
            16597
            16598
            16599
            16600
            16601
            16602
            16603
            16604
            16605
            16606
            16607
            16608
            16609
            16610
            16611
            16612
            16613
            16614
            16615
            16616
            16617
            16618
            16619
            16620
            16621
            16622
            16623
            16624
            16625
            16626
            16627
            16628
            16629
            16630
            16631
            16632
            16633
            16634
            16635
            16636
            16637
            16638
            16639
            16640
            16641
            16642
            16643
            16644
            16645
            16646
            16647
            16648
            16649
            16650
            16651
            16652
            16653
            16654
            16655
            16656
            16657
            16658
            16659
            16660
            16661
            16662
            16663
            16664
            16665
            16666
            16667
            16668
            16669
            16670
            16671
            16672
            16673
            16674
            16675
            16676
            16677
            16678
            16679
            16680
            16681
            16682
            16683
            16684
            16685
            16686
            16687
            16688
            16689
            16690
            16691
            16692
            16693
            16694
            16695
            16696
            16697
            16698
            16699
            16700
            16701
            16702
            16703
            16704
            16705
            16706
            16707
            16708
            16709
            16710
            16711
            16712
            16713
            16714
            16715
            16716
            16717
            16718
            16719
            16720
            16721
            16722
            16723
            16724
            16725
            16726
            16727
            16728
            16729
            16730
            16731
            16732
            16733
            16734
            16735
            16736
            16737
            16738
            16739
            16740
            16741
            16742
            16743
            16744
            16745
            16746
            16747
            16748
            16749
            16750
            16751
            16752
            16753
            16754
            16755
            16756
            16757
            16758
            16759
            16760
            16761
            16762
            16763
            16764
            16765
            16766
            16767
            16768
            16769
            16770
            16771
            16772
            16773
            16774
            16775
            16776
            16777
            16778
            16779
            16780
            16781
            16782
            16783
            16784
            16785
            16786
            16787
            16788
            16789
            16790
            16791
            16792
            16793
            16794
            16795
            16796
            16797
            16798
            16799
            16800
            16801
            16802
            16803
            16804
            16805
            16806
            16807
            16808
            16809
            16810
            16811
            16812
            16813
            16814
            16815
            16816
            16817
            16818
            16819
            16820
            16821
            16822
            16823
            16824
            16825
            16826
            16827
            16828
            16829
            16830
            16831
            16832
            16833
            16834
            16835
            16836
            16837
            16838
            16839
            16840
            16841
            16842
            16843
            16844
            16845
            16846
            16847
            16848
            16849
            16850
            16851
            16852
            16853
            16854
            16855
            16856
            16857
            16858
            16859
            16860
            16861
            16862
            16863
            16864
            16865
            16866
            16867
            16868
            16869
            16870
            16871
            16872
            16873
            16874
            16875
            16876
            16877
            16878
            16879
            16880
            16881
            16882
            16883
            16884
            16885
            16886
            16887
            16888
            16889
            16890
            16891
            16892
            16893
            16894
            16895
            16896
            16897
            16898
            16899
            16900
            16901
            16902
            16903
            16904
            16905
            16906
            16907
            16908
            16909
            16910
            16911
            16912
            16913
            16914
            16915
            16916
            16917
            16918
            16919
            16920
            16921
            16922
            16923
            16924
            16925
            16926
            16927
            16928
            16929
            16930
            16931
            16932
            16933
            16934
            16935
            16936
            16937
            16938
            16939
            16940
            16941
            16942
            16943
            16944
            16945
            16946
            16947
            16948
            16949
            16950
            16951
            16952
            16953
            16954
            16955
            16956
            16957
            16958
            16959
            16960
            16961
            16962
            16963
            16964
            16965
            16966
            16967
            16968
            16969
            16970
            16971
            16972
            16973
            16974
            16975
            16976
            16977
            16978
            16979
            16980
            16981
            16982
            16983
            16984
            16985
            16986
            16987
            16988
            16989
            16990
            16991
            16992
            16993
            16994
            16995
            16996
            16997
            16998
            16999
            17000
            17001
            17002
            17003
            17004
            17005
            17006
            17007
            17008
            17009
            17010
            17011
            17012
            17013
            17014
            17015
            17016
            17017
            17018
            17019
            17020
            17021
            17022
            17023
            17024
            17025
            17026
            17027
            17028
            17029
            17030
            17031
            17032
            17033
            17034
            17035
            17036
            17037
            17038
            17039
            17040
            17041
            17042
            17043
            17044
            17045
            17046
            17047
            17048
            17049
            17050
            17051
            17052
            17053
            17054
            17055
            17056
            17057
            17058
            17059
            17060
            17061
            17062
            17063
            17064
            17065
            17066
            17067
            17068
            17069
            17070
            17071
            17072
            17073
            17074
            17075
            17076
            17077
            17078
            17079
            17080
            17081
            17082
            17083
            17084
            17085
            17086
            17087
            17088
            17089
            17090
            17091
            17092
            17093
            17094
            17095
            17096
            17097
            17098
            17099
            17100
            17101
            17102
            17103
            17104
            17105
            17106
            17107
            17108
            17109
            17110
            17111
            17112
            17113
            17114
            17115
            17116
            17117
            17118
            17119
            17120
            17121
            17122
            17123
            17124
            17125
            17126
            17127
            17128
            17129
            17130
            17131
            17132
            17133
            17134
            17135
            17136
            17137
            17138
            17139
            17140
            17141
            17142
            17143
            17144
            17145
            17146
            17147
            17148
            17149
            17150
            17151
            17152
            17153
            17154
            17155
            17156
            17157
            17158
            17159
            17160
            17161
            17162
            17163
            17164
            17165
            17166
            17167
            17168
            17169
            17170
            17171
            17172
            17173
            17174
            17175
            17176
            17177
            17178
            17179
            17180
            17181
            17182
            17183
            17184
            17185
            17186
            17187
            17188
            17189
            17190
            17191
            17192
            17193
            17194
            17195
            17196
            17197
            17198
            17199
            17200
            17201
            17202
            17203
            17204
            17205
            17206
            17207
            17208
            17209
            17210
            17211
            17212
            17213
            17214
            17215
            17216
            17217
            17218
            17219
            17220
            17221
            17222
            17223
            17224
            17225
            17226
            17227
            17228
            17229
            17230
            17231
            17232
            17233
            17234
            17235
            17236
            17237
            17238
            17239
            17240
            17241
            17242
            17243
            17244
            17245
            17246
            17247
            17248
            17249
            17250
            17251
            17252
            17253
            17254
            17255
            17256
            17257
            17258
            17259
            17260
            17261
            17262
            17263
            17264
            17265
            17266
            17267
            17268
            17269
            17270
            17271
            17272
            17273
            17274
            17275
            17276
            17277
            17278
            17279
            17280
            17281
            17282
            17283
            17284
            17285
            17286
            17287
            17288
            17289
            17290
            17291
            17292
            17293
            17294
            17295
            17296
            17297
            17298
            17299
            17300
            17301
            17302
            17303
            17304
            17305
            17306
            17307
            17308
            17309
            17310
            17311
            17312
            17313
            17314
            17315
            17316
            17317
            17318
            17319
            17320
            17321
            17322
            17323
            17324
            17325
            17326
            17327
            17328
            17329
            17330
            17331
            17332
            17333
            17334
            17335
            17336
            17337
            17338
            17339
            17340
            17341
            17342
            17343
            17344
            17345
            17346
            17347
            17348
            17349
            17350
            17351
            17352
            17353
            17354
            17355
            17356
            17357
            17358
            17359
            17360
            17361
            17362
            17363
            17364
            17365
            17366
            17367
            17368
            17369
            17370
            17371
            17372
            17373
            17374
            17375
            17376
            17377
            17378
            17379
            17380
            17381
            17382
            17383
            17384
            17385
            17386
            17387
            17388
            17389
            17390
            17391
            17392
            17393
            17394
            17395
            17396
            17397
            17398
            17399
            17400
            17401
            17402
            17403
            17404
            17405
            17406
            17407
            17408
            17409
            17410
            17411
            17412
            17413
            17414
            17415
            17416
            17417
            17418
            17419
            17420
            17421
            17422
            17423
            17424
            17425
            17426
            17427
            17428
            17429
            17430
            17431
            17432
            17433
            17434
            17435
            17436
            17437
            17438
            17439
            17440
            17441
            17442
            17443
            17444
            17445
            17446
            17447
            17448
            17449
            17450
            17451
            17452
            17453
            17454
            17455
            17456
            17457
            17458
            17459
            17460
            17461
            17462
            17463
            17464
            17465
            17466
            17467
            17468
            17469
            17470
            17471
            17472
            17473
            17474
            17475
            17476
            17477
            17478
            17479
            17480
            17481
            17482
            17483
            17484
            17485
            17486
            17487
            17488
            17489
            17490
            17491
            17492
            17493
            17494
            17495
            17496
            17497
            17498
            17499
            17500
            17501
            17502
            17503
            17504
            17505
            17506
            17507
            17508
            17509
            17510
            17511
            17512
            17513
            17514
            17515
            17516
            17517
            17518
            17519
            17520
            17521
            17522
            17523
            17524
            17525
            17526
            17527
            17528
            17529
            17530
            17531
            17532
            17533
            17534
            17535
            17536
            17537
            17538
            17539
            17540
            17541
            17542
            17543
            17544
            17545
            17546
            17547
            17548
            17549
            17550
            17551
            17552
            17553
            17554
            17555
            17556
            17557
            17558
            17559
            17560
            17561
            17562
            17563
            17564
            17565
            17566
            17567
            17568
            17569
            17570
            17571
            17572
            17573
            17574
            17575
            17576
            17577
            17578
            17579
            17580
            17581
            17582
            17583
            17584
            17585
            17586
            17587
            17588
            17589
            17590
            17591
            17592
            17593
            17594
            17595
            17596
            17597
            17598
            17599
            17600
            17601
            17602
            17603
            17604
            17605
            17606
            17607
            17608
            17609
            17610
            17611
            17612
            17613
            17614
            17615
            17616
            17617
            17618
            17619
            17620
            17621
            17622
            17623
            17624
            17625
            17626
            17627
            17628
            17629
            17630
            17631
            17632
            17633
            17634
            17635
            17636
            17637
            17638
            17639
            17640
            17641
            17642
            17643
            17644
            17645
            17646
            17647
            17648
            17649
            17650
            17651
            17652
            17653
            17654
            17655
            17656
            17657
            17658
            17659
            17660
            17661
            17662
            17663
            17664
            17665
            17666
            17667
            17668
            17669
            17670
            17671
            17672
            17673
            17674
            17675
            17676
            17677
            17678
            17679
            17680
            17681
            17682
            17683
            17684
            17685
            17686
            17687
            17688
            17689
            17690
            17691
            17692
            17693
            17694
            17695
            17696
            17697
            17698
            17699
            17700
            17701
            17702
            17703
            17704
            17705
            17706
            17707
            17708
            17709
            17710
            17711
            17712
            17713
            17714
            17715
            17716
            17717
            17718
            17719
            17720
            17721
            17722
            17723
            17724
            17725
            17726
            17727
            17728
            17729
            17730
            17731
            17732
            17733
            17734
            17735
            17736
            17737
            17738
            17739
            17740
            17741
            17742
            17743
            17744
            17745
            17746
            17747
            17748
            17749
            17750
            17751
            17752
            17753
            17754
            17755
            17756
            17757
            17758
            17759
            17760
            17761
            17762
            17763
            17764
            17765
            17766
            17767
            17768
            17769
            17770
            17771
            17772
            17773
            17774
            17775
            17776
            17777
            17778
            17779
            17780
            17781
            17782
            17783
            17784
            17785
            17786
            17787
            17788
            17789
            17790
            17791
            17792
            17793
            17794
            17795
            17796
            17797
            17798
            17799
            17800
            17801
            17802
            17803
            17804
            17805
            17806
            17807
            17808
            17809
            17810
            17811
            17812
            17813
            17814
            17815
            17816
            17817
            17818
            17819
            17820
            17821
            17822
            17823
            17824
            17825
            17826
            17827
            17828
            17829
            17830
            17831
            17832
            17833
            17834
            17835
            17836
            17837
            17838
            17839
            17840
            17841
            17842
            17843
            17844
            17845
            17846
            17847
            17848
            17849
            17850
            17851
            17852
            17853
            17854
            17855
            17856
            17857
            17858
            17859
            17860
            17861
            17862
            17863
            17864
            17865
            17866
            17867
            17868
            17869
            17870
            17871
            17872
            17873
            17874
            17875
            17876
            17877
            17878
            17879
            17880
            17881
            17882
            17883
            17884
            17885
            17886
            17887
            17888
            17889
            17890
            17891
            17892
            17893
            17894
            17895
            17896
            17897
            17898
            17899
            17900
            17901
            17902
            17903
            17904
            17905
            17906
            17907
            17908
            17909
            17910
            17911
            17912
            17913
            17914
            17915
            17916
            17917
            17918
            17919
            17920
            17921
            17922
            17923
            17924
            17925
            17926
            17927
            17928
            17929
            17930
            17931
            17932
            17933
            17934
            17935
            17936
            17937
            17938
            17939
            17940
            17941
            17942
            17943
            17944
            17945
            17946
            17947
            17948
            17949
            17950
            17951
            17952
            17953
            17954
            17955
            17956
            17957
            17958
            17959
            17960
            17961
            17962
            17963
            17964
            17965
            17966
            17967
            17968
            17969
            17970
            17971
            17972
            17973
            17974
            17975
            17976
            17977
            17978
            17979
            17980
            17981
            17982
            17983
            17984
            17985
            17986
            17987
            17988
            17989
            17990
            17991
            17992
            17993
            17994
            17995
            17996
            17997
            17998
            17999
            18000
            18001
            18002
            18003
            18004
            18005
            18006
            18007
            18008
            18009
            18010
            18011
            18012
            18013
            18014
            18015
            18016
            18017
            18018
            18019
            18020
            18021
            18022
            18023
            18024
            18025
            18026
            18027
            18028
            18029
            18030
            18031
            18032
            18033
            18034
            18035
            18036
            18037
            18038
            18039
            18040
            18041
            18042
            18043
            18044
            18045
            18046
            18047
            18048
            18049
            18050
            18051
            18052
            18053
            18054
            18055
            18056
            18057
            18058
            18059
            18060
            18061
            18062
            18063
            18064
            18065
            18066
            18067
            18068
            18069
            18070
            18071
            18072
            18073
            18074
            18075
            18076
            18077
            18078
            18079
            18080
            18081
            18082
            18083
            18084
            18085
            18086
            18087
            18088
            18089
            18090
            18091
            18092
            18093
            18094
            18095
            18096
            18097
            18098
            18099
            18100
            18101
            18102
            18103
            18104
            18105
            18106
            18107
            18108
            18109
            18110
            18111
            18112
            18113
            18114
            18115
            18116
            18117
            18118
            18119
            18120
            18121
            18122
            18123
            18124
            18125
            18126
            18127
            18128
            18129
            18130
            18131
            18132
            18133
            18134
            18135
            18136
            18137
            18138
            18139
            18140
            18141
            18142
            18143
            18144
            18145
            18146
            18147
            18148
            18149
            18150
            18151
            18152
            18153
            18154
            18155
            18156
            18157
            18158
            18159
            18160
            18161
            18162
            18163
            18164
            18165
            18166
            18167
            18168
            18169
            18170
            18171
            18172
            18173
            18174
            18175
            18176
            18177
            18178
            18179
            18180
            18181
            18182
            18183
            18184
            18185
            18186
            18187
            18188
            18189
            18190
            18191
            18192
            18193
            18194
            18195
            18196
            18197
            18198
            18199
            18200
            18201
            18202
            18203
            18204
            18205
            18206
            18207
            18208
            18209
            18210
            18211
            18212
            18213
            18214
            18215
            18216
            18217
            18218
            18219
            18220
            18221
            18222
            18223
            18224
            18225
            18226
            18227
            18228
            18229
            18230
            18231
            18232
            18233
            18234
            18235
            18236
            18237
            18238
            18239
            18240
            18241
            18242
            18243
            18244
            18245
            18246
            18247
            18248
            18249
            18250
            18251
            18252
            18253
            18254
            18255
            18256
            18257
            18258
            18259
            18260
            18261
            18262
            18263
            18264
            18265
            18266
            18267
            18268
            18269
            18270
            18271
            18272
            18273
            18274
            18275
            18276
            18277
            18278
            18279
            18280
            18281
            18282
            18283
            18284
            18285
            18286
            18287
            18288
            18289
            18290
            18291
            18292
            18293
            18294
            18295
            18296
            18297
            18298
            18299
            18300
            18301
            18302
            18303
            18304
            18305
            18306
            18307
            18308
            18309
            18310
            18311
            18312
            18313
            18314
            18315
            18316
            18317
            18318
            18319
            18320
            18321
            18322
            18323
            18324
            18325
            18326
            18327
            18328
            18329
            18330
            18331
            18332
            18333
            18334
            18335
            18336
            18337
            18338
            18339
            18340
            18341
            18342
            18343
            18344
            18345
            18346
            18347
            18348
            18349
            18350
            18351
            18352
            18353
            18354
            18355
            18356
            18357
            18358
            18359
            18360
            18361
            18362
            18363
            18364
            18365
            18366
            18367
            18368
            18369
            18370
            18371
            18372
            18373
            18374
            18375
            18376
            18377
            18378
            18379
            18380
            18381
            18382
            18383
            18384
            18385
            18386
            18387
            18388
            18389
            18390
            18391
            18392
            18393
            18394
            18395
            18396
            18397
            18398
            18399
            18400
            18401
            18402
            18403
            18404
            18405
            18406
            18407
            18408
            18409
            18410
            18411
            18412
            18413
            18414
            18415
            18416
            18417
            18418
            18419
            18420
            18421
            18422
            18423
            18424
            18425
            18426
            18427
            18428
            18429
            18430
            18431
            18432
            18433
            18434
            18435
            18436
            18437
            18438
            18439
            18440
            18441
            18442
            18443
            18444
            18445
            18446
            18447
            18448
            18449
            18450
            18451
            18452
            18453
            18454
            18455
            18456
            18457
            18458
            18459
            18460
            18461
            18462
            18463
            18464
            18465
            18466
            18467
            18468
            18469
            18470
            18471
            18472
            18473
            18474
            18475
            18476
            18477
            18478
            18479
            18480
            18481
            18482
            18483
            18484
            18485
            18486
            18487
            18488
            18489
            18490
            18491
            18492
            18493
            18494
            18495
            18496
            18497
            18498
            18499
            18500
            18501
            18502
            18503
            18504
            18505
            18506
            18507
            18508
            18509
            18510
            18511
            18512
            18513
            18514
            18515
            18516
            18517
            18518
            18519
            18520
            18521
            18522
            18523
            18524
            18525
            18526
            18527
            18528
            18529
            18530
            18531
            18532
            18533
            18534
            18535
            18536
            18537
            18538
            18539
            18540
            18541
            18542
            18543
            18544
            18545
            18546
            18547
            18548
            18549
            18550
            18551
            18552
            18553
            18554
            18555
            18556
            18557
            18558
            18559
            18560
            18561
            18562
            18563
            18564
            18565
            18566
            18567
            18568
            18569
            18570
            18571
            18572
            18573
            18574
            18575
            18576
            18577
            18578
            18579
            18580
            18581
            18582
            18583
            18584
            18585
            18586
            18587
            18588
            18589
            18590
            18591
            18592
            18593
            18594
            18595
            18596
            18597
            18598
            18599
            18600
            18601
            18602
            18603
            18604
            18605
            18606
            18607
            18608
            18609
            18610
            18611
            18612
            18613
            18614
            18615
            18616
            18617
            18618
            18619
            18620
            18621
            18622
            18623
            18624
            18625
            18626
            18627
            18628
            18629
            18630
            18631
            18632
            18633
            18634
            18635
            18636
            18637
            18638
            18639
            18640
            18641
            18642
            18643
            18644
            18645
            18646
            18647
            18648
            18649
            18650
            18651
            18652
            18653
            18654
            18655
            18656
            18657
            18658
            18659
            18660
            18661
            18662
            18663
            18664
            18665
            18666
            18667
            18668
            18669
            18670
            18671
            18672
            18673
            18674
            18675
            18676
            18677
            18678
            18679
            18680
            18681
            18682
            18683
            18684
            18685
            18686
            18687
            18688
            18689
            18690
            18691
            18692
            18693
            18694
            18695
            18696
            18697
            18698
            18699
            18700
            18701
            18702
            18703
            18704
            18705
            18706
            18707
            18708
            18709
            18710
            18711
            18712
            18713
            18714
            18715
            18716
            18717
            18718
            18719
            18720
            18721
            18722
            18723
            18724
            18725
            18726
            18727
            18728
            18729
      $SURFACE ELEMENTS  SURFID =          2  SYSTEM = LOCAL
            14046
            14047
            14048
            14049
            14050
            14051
            14052
            14053
            14054
            14055
            14056
            14057
            14058
            14059
            14060
            14061
            14062
            14063
            14064
            14065
            14066
            14067
            14068
            14069
            14070
            14071
            14072
            14073
            14074
            14075
            14076
            14077
            14078
            14079
            14080
            14081
            14082
            14083
            14084
            14085
            14086
            14087
            14088
            14089
            14090
            14091
            14092
            14093
            14094
            14095
            14096
            14097
            14098
            14099
            14100
            14101
            14102
            14103
            14104
            14105
            14106
            14107
            14108
            14109
            14110
            14111
            14112
            14113
            14114
            14115
            14116
            14117
            14118
            14119
            14120
            14121
            14122
            14123
            14124
            14125
            14126
            14127
            14128
            14129
            14130
            14131
            14132
            14133
            14134
            14135
            14136
            14137
            14138
            14139
            14140
            14141
            14142
            14143
            14144
            14145
            14146
            14147
            14148
            14149
            14150
            14151
            14152
            14153
            14154
            14155
            14156
            14157
            14158
            14159
            14160
            14161
            14162
            14163
            14164
            14165
            14166
            14167
            14168
            14169
            14170
            14171
            14172
            14173
            14174
            14175
            14176
            14177
            14178
            14179
            14180
            14181
            14182
            14183
            14184
            14185
            14186
            14187
            14188
            14189
            14190
            14191
            14192
            14193
            14194
            14195
            14196
            14197
            14198
            14199
            14200
            14201
            14202
            14203
            14204
            14205
            14206
            14207
            14208
            14209
            14210
            14211
            14212
            14213
            14214
            14215
            14216
            14217
            14218
            14219
            14220
            14221
            14222
            14223
            14224
            14225
            14226
            14227
            14228
            14229
            14230
            14231
            14232
            14233
            14234
            14235
            14236
            14237
            14238
            14239
            14240
            14241
            14242
            14243
            14244
            14245
            14246
            14247
            14248
            14249
            14250
            14251
            14252
            14253
            14254
            14255
            14256
            14257
            14258
            14259
            14260
            14261
            14262
            14263
            14264
            14265
            14266
            14267
            14268
            14269
            14270
            14271
            14272
            14273
            14274
            14275
            14276
            14277
            14278
            14279
            14280
            14281
            14282
            14283
            14284
            14285
            14286
            14287
            14288
            14289
            14290
            14291
            14292
            14293
            14294
            14295
            14296
            14297
            14298
            14299
            14300
            14301
            14302
            14303
            14304
            14305
            14306
            14307
            14308
            14309
            14310
            14311
            14312
            14313
            14314
            14315
            14316
            14317
            14318
            14319
            14320
            14321
            14322
            14323
            14324
            14325
            14326
            14327
            14328
            14329
            14330
            14331
            14332
            14333
            14334
            14335
            14336
            14337
            14338
            14339
            14340
            14341
            14342
            14343
            14344
            14345
            14346
            14347
            14348
            14349
            14350
            14351
            14352
            14353
            14354
            14355
            14356
            14357
            14358
            14359
            14360
            14361
            14362
            14363
            14364
            14365
            14366
            14367
            14368
            14369
            14370
            14371
            14372
            14373
            14374
            14375
            14376
            14377
            14378
            14379
            14380
            14381
            14382
            14383
            14384
            14385
            14386
            14387
            14388
            14389
            14390
            14391
            14392
            14393
            14394
            14395
            14396
            14397
            14398
            14399
            14400
            14401
            14402
            14403
            14404
            14405
            14406
            14407
            14408
            14409
            14410
            14411
            14412
            14413
            14414
            14415
            14416
            14417
            14418
            14419
            14420
            14421
            14422
            14423
            14424
            14425
            14426
            14427
            14428
            14429
            14430
            14431
            14432
            14433
            14434
            14435
            14436
            14437
            14438
            14439
            14440
            14441
            14442
            14443
            14444
            14445
            14446
            14447
            14448
            14449
            14450
            14451
            14452
            14453
            14454
            14455
            14456
            14457
            14458
            14459
            14460
            14461
            14462
            14463
            14464
            14465
            14466
            14467
            14468
            14469
            14470
            14471
            14472
            14473
            14474
            14475
            14476
            14477
            14478
            14479
            14480
            14481
            14482
            14483
            14484
            14485
            14486
            14487
            14488
            14489
            14490
            14491
            14492
            14493
            14494
            14495
            14496
            14497
            14498
            14499
            14500
            14501
            14502
            14503
            14504
            14505
            14506
            14507
            14508
            14509
            14510
            14511
            14512
            14513
            14514
            14515
            14516
            14517
            14518
            14519
            14520
            14521
            14522
            14523
            14524
            14525
            14526
            14527
            14528
            14529
            14530
            14531
            14532
            14533
            14534
            14535
            14536
            14537
            14538
            14539
            14540
            14541
            14542
            14543
            14544
            14545
            14546
            14547
            14548
            14549
            14550
            14551
            14552
            14553
            14554
            14555
            14556
            14557
            14558
            14559
            14560
            14561
            14562
            14563
            14564
            14565
            14566
            14567
            14568
            14569
            14570
            14571
            14572
            14573
            14574
            14575
            14576
            14577
            14578
            14579
            14580
            14581
            14582
            14583
            14584
            14585
            14586
            14587
            14588
            14589
            14590
            14591
            14592
            14593
            14594
            14595
            14596
            14597
            14598
            14599
            14600
            14601
            14602
            14603
            14604
            14605
            14606
            14607
            14608
            14609
            14610
            14611
            14612
            14613
            14614
            14615
            14616
            14617
            14618
            14619
            14620
            14621
            14622
            14623
            14624
            14625
            14626
            14627
            14628
            14629
            14630
            14631
            14632
            14633
            14634
            14635
            14636
            14637
            14638
            14639
            14640
            14641
            14642
            14643
            14644
            14645
            14646
            14647
            14648
            14649
            14650
            14651
            14652
            14653
            14654
            14655
            14656
            14657
            14658
            14659
            14660
            14661
            14662
            14663
            14664
            14665
            14666
            14667
            14668
            14669
            14670
            14671
            14672
            14673
            14674
            14675
            14676
            14677
            14678
            14679
            14680
            14681
            14682
            14683
            14684
            14685
            14686
            14687
            14688
            14689
            14690
            19740
            19741
            19742
            19743
            19744
            19745
            19746
            19747
            19748
            19749
            19750
            19751
            19752
            19753
            19754
            19755
            19756
            19757
            19758
            19759
            19760
            19761
            19762
            19763
            19764
            19765
            19766
            19767
            19768
            19769
            19770
            19771
            19772
            19773
            19774
            19775
            19776
            19777
            19778
            19779
            19780
            19781
            19782
            19783
            19784
            19785
            19786
            19787
            19788
            19789
            19790
            19791
            19792
            19793
            19794
            19795
            19796
            19797
            19798
            19799
            19800
            19801
            19802
            19803
            19804
            19805
            19806
            19807
            19808
            19809
            19810
            19811
            19812
            19813
            19814
            19815
            19816
            19817
            19818
            19819
            19820
            19821
            19822
            19823
            19824
            19825
            19826
            19827
            19828
            19829
            19830
            19831
            19832
            19833
            19834
            19835
            19836
            19837
            19838
            19839
            19840
            19841
            19842
            19843
            19844
            19845
            19846
            19847
            19848
            19849
            19850
            19851
            19852
            19853
            19854
            19855
            19856
            19857
            19858
            19859
            19860
            19861
            19862
            19863
            19864
            19865
            19866
            19867
            19868
            19869
            19870
            19871
            19872
            19873
            19874
            19875
            19876
            19877
            19878
            19879
            19880
            19881
            19882
            19883
            19884
            19885
            19886
            19887
            19888
            19889
            19890
            19891
            19892
            19893
            19894
            19895
            19896
            19897
            19898
            19899
            19900
            19901
            19902
            19903
            19904
            19905
            19906
            19907
            19908
            19909
            19910
            19911
            19912
            19913
            19914
            19915
            19916
            19917
            19918
            19919
            19920
            19921
            19922
            19923
            19924
            19925
            19926
            19927
            19928
            19929
            19930
            19931
            19932
            19933
            19934
            19935
            19936
            19937
            19938
            19939
            19940
            19941
            19942
            19943
            19944
            19945
            19946
            19947
            19948
            19949
            19950
            19951
            19952
            19953
            19954
            19955
            19956
            19957
            19958
            19959
            19960
            19961
            19962
            19963
            19964
            19965
            19966
            19967
            19968
            19969
            19970
            19971
            19972
            19973
            19974
            19975
            19976
            19977
            19978
            19979
            19980
            19981
            19982
            19983
            19984
            19985
            19986
            19987
            19988
            19989
            19990
            19991
            19992
            19993
            19994
            19995
            19996
            19997
            19998
            19999
            20000
            20001
            20002
            20003
            20004
            20005
            20006
            20007
            20008
            20009
            20010
            20011
            20012
            20013
            20014
            20015
            20016
            20017
            20018
            20019
            20020
            20021
            20022
            20023
            20024
            20025
            20026
            20027
            20028
            20029
            20030
            20031
            20032
            20033
            20034
            20035
            20036
            20037
            20038
            20039
            20040
            20041
            20042
            20043
            20044
            20045
            20046
            20047
            20048
            20049
            20050
            20051
            20052
            20053
            20054
            20055
            20056
            20057
            20058
            20059
            20060
            20061
            20062
            20063
            20064
            20065
            20066
            20067
            20068
            20069
            20070
            20071
            20072
            20073
            20074
            20075
            20076
            20077
            20078
            20079
            20080
            20081
            20082
            20083
            20084
            20085
            20086
            20087
            20088
            20089
            20090
            20091
            20092
            20093
            20094
            20095
            20096
            20097
            20098
            20099
            20100
            20101
            20102
            20103
            20104
            20105
            20106
            20107
            20108
            20109
            20110
            20111
            20112
            20113
            20114
            20115
            20116
            20117
            20118
            20119
            20120
            20121
            20122
            20123
            20124
            20125
            20126
            20127
            20128
            20129
            20130
            20131
            20132
            20133
            20134
            20135
            20136
            20137
            20138
            20139
            20140
            20141
            20142
            20143
            20144
            20145
            20146
            20147
            20148
            20149
            20150
            20151
            20152
            20153
            20154
            20155
            20156
            20157
            20158
            20159
            20160
            20161
            20162
            20163
            20164
            20165
            20166
            20167
            20168
            20169
            20170
            20171
            20172
            20173
            20174
            20175
            20176
            20177
            20178
            20179
            20180
            20181
            20182
            20183
            20184
            20185
            20186
            20187
            20188
            20189
            20190
            20191
            20192
            20193
            20194
            20195
            20196
            20197
            20198
            20199
            20200
            20201
            20202
            20203
            20204
            20205
            20206
            20207
            20208
            20209
            20210
            20211
            20212
            20213
            20214
            20215
            20216
            20217
            20218
            20219
            20220
            20221
            20222
            20223
            20224
            20225
            20226
            20227
            20228
            20229
            20230
            20231
            20232
            20233
            20234
            20235
            20236
            20237
            20238
            20239
            20240
            20241
            20242
            20243
            20244
            20245
            20246
            20247
            20248
            20249
            20250
            20251
            20252
            20253
            20254
            20255
            20256
            20257
            20258
            20259
            20260
            20261
            20262
            20263
            20264
            20265
            20266
            20267
            20268
            20269
            20270
            20271
            20272
            20273
            20274
            20275
            20276
            20277
            20278
            20279
            20280
            20281
            20282
            20283
            20284
            20285
            20286
            20287
            20288
            20289
            20290
            20291
            20292
            20293
            20294
            20295
            20296
            20297
            20298
            20299
            20300
            20301
            20302
            20303
            20304
            20305
            20306
            20307
            20308
            20309
            20310
            20311
            20312
            20313
            20314
            20315
            20316
            20317
            20318
            20319
            20320
            20321
            20322
            20323
            20324
            20325
            20326
            20327
            20328
            20329
            20330
            20331
            20332
            20333
            20334
            20335
            20336
            20337
            20338
            20339
            20340
            20341
            20342
            20343
            20344
            20345
            20346
            20347
            20348
            20349
            20350
            20351
            20352
            20353
            20354
            20355
            20356
            20357
            20358
            20359
            20360
            20361
            20362
            20363
            20364
            20365
            20366
            20367
            20368
            20369
            20370
            20371
            20372
            20373
            20374
            20375
            20376
            20377
            20378
            20379
            20380
            20381
            20382
            20383
            20384
            20385
            20386
            20387
            20388
            20389
            20390
            20391
            20392
            20393
            20394
            20395
            20396
            20397
            20398
            20399
            20400
            20401
            20402
            20403
            20404
            20405
            20406
            20407
            20408
            20409
            20410
            20411
            20412
            20413
            20414
            20415
            20416
            20417
            20418
            20419
            20420
            20421
            20422
            20423
            20424
            20425
            20426
            20427
            20428
            20429
            20430
            20431
            20432
            20433
            20434
            20435
            20436
            20437
            20438
            20439
            20440
            20441
            20442
            20443
            20444
            20445
            20446
            20447
            20448
            20449
            20450
            20451
            20452
            20453
            20454
            20455
            20456
            20457
            20458
            20459
            20460
            20461
            20462
            20463
            20464
            20465
            20466
            20467
            20468
            20469
            20470
            20471
            20472
            20473
            20474
            20475
            20476
            20477
            20478
            20479
            20480
            20481
            20482
            20483
            20484
            20485
            20486
            20487
            20488
            20489
            20490
            20491
            20492
            20493
            20494
            20495
            20496
            20497
            20498
            20499
            20500
            20501
            20502
            20503
            20504
            20505
            20506
            20507
            20508
            20509
            20510
            20511
            20512
            20513
            20514
            20515
            20516
            20517
            20518
            20519
            20520
            20521
            20522
            20523
            20524
            20525
            20526
            20527
            20528
            20529
            20530
            20531
            20532
            20533
            20534
            20535
            20536
            20537
            20538
            20539
            20540
            20541
            20542
            20543
            20544
            20545
            20546
            20547
            20548
            20549
            20550
            20551
            20552
            20553
            20554
            20555
            20556
            20557
            20558
            20559
            20560
            20561
            20562
            20563
            20564
            20565
            20566
            20567
            20568
            20569
            20570
            20571
            20572
            20573
            20574
            20575
            20576
            20577
            20578
            20579
            20580
            20581
            20582
            20583
            20584
            20585
            20586
            20587
            20588
            20589
            20590
            20591
            20592
            20593
            20594
            20595
            20596
            20597
            20598
            20599
            20600
            20601
            20602
            20603
            20604
            20605
            20606
            20607
            20608
            20609
            20610
            20611
            20612
            20613
            20614
            20615
            20616
            20617
            20618
            20619
            20620
            20621
            20622
            20623
            20624
            20625
            20626
            20627
            20628
            20629
            20630
            20631
            20632
            20633
            20634
            20635
            20636
            20637
            20638
            20639
            20640
            20641
            20642
            20643
            20644
            20645
            20646
            20647
            20648
            20649
            20650
            20651
            20652
            20653
            20654
            20655
            20656
            20657
            20658
            20659
            20660
            20661
            20662
            20663
            20664
            20665
            20666
            20667
            20668
            20669
            20670
            20671
            20672
            20673
            20674
            20675
            20676
            20677
            20678
            20679
            20680
            20681
            20682
            20683
            20684
            20685
            20686
            20687
            20688
            20689
            20690
            20691
            20692
            20693
            20694
            20695
            20696
            20697
            20698
            20699
            20700
            20701
            20702
            20703
            20704
            20705
            20706
            20707
            20708
            20709
            20710
            20711
            20712
            20713
            20714
            20715
            20716
            20717
            20718
            20719
            20720
            20721
            20722
            20723
            20724
            20725
            20726
            20727
            20728
            20729
            20730
            20731
            20732
            20733
            20734
            20735
            20736
            20737
            20738
            20739
            20740
            20741
            20742
            20743
            20744
            20745
            20746
            20747
            20748
            20749
            20750
            20751
            20752
            20753
            20754
            20755
            20756
            20757
            20758
            20759
            20760
            20761
            20762
            20763
            20764
            20765
            20766
            20767
            20768
            20769
            20770
            20771
            20772
            20773
            20774
            20775
            20776
            20777
            20778
            20779
            20780
            20781
            20782
            20783
            20784
            20785
            20786
            20787
            20788
            20789
            20790
            20791
            20792
            20793
            20794
            20795
            20796
            20797
            20798
            20799
            20800
            20801
            20802
            20803
            20804
            20805
            20806
            20807
            20808
            20809
            20810
            20811
            20812
            20813
            20814
            20815
            20816
            20817
            20818
            20819
            20820
            20821
            20822
            20823
            20824
            20825
            20826
            20827
            20828
            20829
            20830
            20831
            20832
            20833
            20834
            20835
            20836
            20837
            20838
            20839
            20840
            20841
            20842
            20843
            20844
            20845
            20846
            20847
            20848
            20849
            20850
            20851
            20852
            20853
            20854
            20855
            20856
            20857
            20858
            20859
            20860
            20861
            20862
            20863
            20864
            20865
            20866
            20867
            20868
            20869
            20870
            20871
            20872
            20873
            20874
            20875
            20876
            20877
            20878
            20879
            20880
            20881
            20882
            20883
            20884
            20885
            20886
            20887
            20888
            20889
            20890
            20891
            20892
            20893
            20894
            20895
            20896
            20897
            20898
            20899
            20900
            20901
            20902
            20903
            20904
            20905
            20906
            20907
            20908
            20909
            20910
            20911
            20912
            20913
            20914
            20915
            20916
            20917
            20918
            20919
            20920
            20921
            20922
            20923
            20924
            20925
            20926
            20927
            20928
            20929
            20930
            20931
            20932
            20933
            20934
            20935
            20936
            20937
            20938
            20939
            20940
            20941
            20942
            20943
            20944
            20945
            20946
            20947
            20948
            20949
            20950
            20951
            20952
            20953
            20954
            20955
            20956
            20957
            20958
            20959
            20960
            20961
            20962
            20963
            20964
            20965
            20966
            20967
            20968
            20969
            20970
            20971
            20972
            20973
            20974
            20975
            20976
            20977
            20978
            20979
            20980
            20981
            20982
            20983
            20984
            20985
            20986
            20987
            20988
            20989
            20990
            20991
            20992
            20993
            20994
            20995
            20996
            20997
            20998
            20999
            21000
            21001
            21002
            21003
            21004
            21005
            21006
            21007
            21008
            21009
            21010
            21011
            21012
            21013
            21014
            21015
            21016
            21017
            21018
            21019
            21020
            21021
            21022
            21023
            21024
            21025
            21026
            21027
            21028
            21029
            21030
            21031
            21032
            21033
            21034
            21035
            21036
            21037
            21038
            21039
            21040
            21041
            21042
            21043
            21044
            21045
            21046
            21047
            21048
            21049
            21050
            21051
            21052
            21053
            21054
            21055
            21056
            21057
            21058
            21059
            21060
            21061
            21062
            21063
            21064
            21065
            21066
            21067
            21068
            21069
            21070
            21071
            21072
            21073
            21074
            21075
            21076
            21077
            21078
            21079
            21080
            21081
            21082
            21083
            21084
            21085
            21086
            21087
            21088
            21089
            21090
            21091
            21092
            21093
            21094
            21095
            21096
            21097
            21098
            21099
            21100
            21101
            21102
            21103
            21104
            21105
            21106
            21107
            21108
            21109
            21110
            21111
            21112
            21113
            21114
            21115
            21116
            21117
            21118
            21119
            21120
            21121
            21122
            21123
            21124
            21125
            21126
            21127
            21128
            21129
            21130
            21131
            21132
            21133
            21134
            21135
            21136
            21137
            21138
            21139
            21140
            21141
            21142
            21143
            21144
            21145
            21146
            21147
            21148
            21149
            21150
            21151
            21152
            21153
            21154
            21155
            21156
            21157
            21158
            21159
            21160
            21161
            21162
            21163
            21164
            21165
            21166
            21167
            21168
            21169
            21170
            21171
            21172
            21173
            21174
            21175
            21176
            21177
            21178
            21179
            21180
            21181
            21182
            21183
            21184
            21185
            21186
            21187
            21188
            21189
            21190
            21191
            21192
            21193
            21194
            21195
            21196
            21197
            21198
            21199
            21200
            21201
            21202
            21203
            21204
            21205
            21206
            21207
            21208
            21209
            21210
            21211
            21212
            21213
            21214
            21215
            21216
            21217
            21218
            21219
            21220
            21221
            21222
            21223
            21224
            21225
            21226
            21227
            21228
            21229
            21230
            21231
            21232
            21233
            21234
            21235
            21236
            21237
            21238
            21239
            21240
            21241
            21242
            21243
            21244
            21245
            21246
            21247
            21248
            21249
            21250
            21251
            21252
            21253
            21254
            21255
            21256
            21257
            21258
            21259
            21260
            21261
            21262
            21263
            21264
            21265
            21266
            21267
            21268
            21269
            21270
            21271
            21272
            21273
            21274
            21275
            21276
            21277
            21278
            21279
            21280
            21281
            21282
            21283
            21284
            21285
            21286
            21287
            21288
            21289
            21290
            21291
            21292
            21293
            21294
            21295
            21296
            21297
            21298
            21299
            21300
            21301
            21302
            21303
            21304
            21305
            21306
            21307
            21308
            21309
            21310
            21311
            21312
            21313
            21314
            21315
            21316
            21317
            21318
            21319
            21320
            21321
            21322
            21323
            21324
            21325
            21326
            21327
            21328
            21329
            21330
            21331
            21332
            21333
            21334
            21335
            21336
            21337
            21338
            21339
            21340
            21341
            21342
            21343
            21344
            21345
            21346
            21347
            21348
            21349
            21350
            21351
            21352
            21353
            21354
            21355
            21356
            21357
            21358
            21359
            21360
            21361
            21362
            21363
            21364
            21365
            21366
            21367
            21368
            21369
            21370
            21371
            21372
            21373
            21374
            21375
            21376
            21377
            21378
            21379
            21380
            21381
            21382
            21383
            21384
            21385
            21386
            21387
            21388
            21389
            21390
            21391
            21392
            21393
            21394
            21395
            21396
            21397
            21398
            21399
            21400
            21401
            21402
            21403
            21404
            21405
            21406
            21407
            21408
            21409
            21410
            21411
            21412
            21413
            21414
            21415
            21416
            21417
            21418
            21419
            21420
            21421
            21422
            21423
            21424
            21425
            21426
            21427
            21428
            21429
            21430
            21431
            21432
            21433
            21434
            21435
            21436
            21437
            21438
            21439
            21440
            21441
            21442
            21443
            21444
            21445
            21446
            21447
            21448
            21449
            21450
            21451
            21452
            21453
            21454
            21455
            21456
            21457
            21458
            21459
            21460
            21461
            21462
            21463
            21464
            21465
            21466
            21467
            21468
            21469
            21470
            21471
            21472
            21473
            21474
            21475
            21476
            21477
            21478
            21479
            21480
            21481
            21482
            21483
            21484
            21485
            21486
            21487
            21488
            21489
            21490
            21491
            21492
            21493
            21494
            21495
            21496
            21497
            21498
            21499
            21500
            21501
            21502
            21503
            21504
            21505
            21506
            21507
            21508
            21509
            21510
            21511
            21512
            21513
            21514
            21515
            21516
            21517
            21518
            21519
            21520
            21521
            21522
            21523
            21524
            21525
            21526
            21527
            21528
            21529
            21530
            21531
            21532
            21533
            21534
            21535
            21536
            21537
            21538
            21539
            21540
            21541
            21542
            21543
            21544
            21545
            21546
            21547
            21548
            21549
            21550
            21551
            21552
            21553
            21554
            21555
            21556
            21557
            21558
            21559
            21560
            21561
            21562
            21563
            21564
            21565
            21566
            21567
            21568
            21569
            21570
            21571
            21572
            21573
            21574
            21575
            21576
            21577
            21578
            21579
            21580
            21581
            21582
            21583
            21584
            21585
            21586
            21587
            21588
            21589
            21590
            21591
            21592
            21593
            21594
            21595
            21596
            21597
            21598
            21599
            21600
            21601
            21602
            21603
            21604
            21605
            21606
            21607
            21608
            21609
            21610
            21611
            21612
            21613
            21614
            21615
            21616
            21617
            21618
            21619
            21620
            21621
            21622
            21623
            21624
            21625
            21626
            21627
            21628
            21629
            21630
            21631
            21632
            21633
            21634
            21635
            21636
            21637
            21638
            21639
            21640
            21641
            21642
            21643
            21644
            21645
            21646
            21647
            21648
            21649
            21650
            21651
            21652
            21653
            21654
            21655
            21656
            21657
            21658
            21659
            21660
            21661
            21662
            21663
            21664
            21665
            21666
            21667
            21668
            21669
            21670
            21671
            21672
            21673
            21674
            21675
            21676
            21677
            21678
            21679
            21680
            21681
            21682
            21683
            21684
            21685
            21686
            21687
            21688
            21689
            21690
            21691
            21692
            21693
            21694
            21695
            21696
            21697
            21698
            21699
            21700
            21701
            21702
            21703
            21704
            21705
            21706
            21707
            21708
            21709
            21710
            21711
            21712
            21713
            21714
            21715
            21716
            21717
            21718
            21719
            21720
            21721
            21722
            21723
            21724
            21725
            21726
            21727
            21728
            21729
            21730
            21731
            21732
            21733
            21734
            21735
            21736
            21737
            21738
            21739
            21740
            21741
            21742
            21743
            21744
            21745
            21746
            21747
            21748
            21749
            21750
!
      $NSET NAME = C_A
            15073      15074      15075      15076      15361      15362      15363      15364      15365      15366      15367      15368      15369      15370
            16289      16290      16597      16598      16899      16900      17906      17907      22110      22111      22112      22113      22114      22115
            22116      22117      22124
      $NSET NAME = C_B
            14985      15169      15170      15171      15260      15261      15262      15263      15264      15265      15266      15267      15268      15269
            16197      16384      16506      16692      16813      16990      17813      18000      23008      23095      23096      23097      23098      23099
            23100      23101      23102
      $NSET NAME = D_A
            18193      18194      18195      18196      18197      18684      18685      18686      19071      19072      19073      19074      19453      19454
            19455      19841      19842      19843
      $NSET NAME = D_B
            18091      18092      18093      18094      18095      18587      18588      18589      18975      18976      18977      18978      19355      19356
            19357      19739      19740      19741
      $SFSET NAME = A
                1
      $SFSET NAME = B
                2
!
   $END STRUCTURE
!------
$EXIT COMPONENT
!------------------------------------
$FIN
