$ENTER COMPONENT  NAME = DFLT_COMP  DOFTYPE = DISP MATH
!------
   $SITUATION  NAME = STEP_1
      DFLT_COMP  CONSTRAINTS = C_STEP_1  SYSTEM = S_STEP_1
   $END SITUATION
!
   $SITUATION  NAME = STEP_2  PARENT = STEP_1
      DFLT_COMP  SYSTEM = S_STEP_1
   $END SITUATION
!
   $SITUATION  NAME = STEP_3  PARENT = STEP_1
      DFLT_COMP  SYSTEM = S_STEP_1  LOADING = L_STEP_3  RESULTS = R_STEP_3
   $END SITUATION
!
   $STRUCTURE
! 
      $NSET NAME = A
          4
!
      $NSET NAME = B
         13
!
      $ELEMENT TYPE = QUAD4
                1          1          7         42         36
                2         36         42         43         35
                3         35         43         44         34
                4         34         44         45         33
                5         33         45         46         32
                6         32         46         31          6
                7          7          8         47         42
                8         42         47         48         43
                9         43         48         49         44
               10         44         49         50         45
               11         45         50         51         46
               12         46         51         30         31
               13          8          9         52         47
               14         47         52         53         48
               15         48         53         54         49
               16         49         54         55         50
               17         50         55         56         51
               18         51         56         29         30
               19          9         10         57         52
               20         52         57         58         53
               21         53         58         59         54
               22         54         59         60         55
               23         55         60         61         56
               24         56         61         28         29
               25         10         11         62         57
               26         57         62         63         58
               27         58         63         64         59
               28         59         64         65         60
               29         60         65         66         61
               30         61         66         27         28
               31         11         12         67         62
               32         62         67         68         63
               33         63         68         69         64
               34         64         69         70         65
               35         65         70         71         66
               36         66         71         26         27
               37         12         13         72         67
               38         67         72         73         68
               39         68         73         74         69
               40         69         74         75         70
               41         70         75         76         71
               42         71         76         25         26
               43         13          2         37         72
               44         72         37         38         73
               45         73         38         39         74
               46         74         39         40         75
               47         75         40         41         76
               48         76         41          5         25
               49          2         14         77         37
               50         37         77         78         38
               51         38         78         79         39
               52         39         79         80         40
               53         40         80         81         41
               54         41         81         24          5
               55         14         15         82         77
               56         77         82         83         78
               57         78         83         84         79
               58         79         84         85         80
               59         80         85         86         81
               60         81         86         23         24
               61         15         16         87         82
               62         82         87         88         83
               63         83         88         89         84
               64         84         89         90         85
               65         85         90         91         86
               66         86         91         22         23
               67         16          3         17         87
               68         87         17         18         88
               69         88         18         19         89
               70         89         19         20         90
               71         90         20         21         91
               72         91         21          4         22
!
      $LINE GEO  LNID = CLAMPED
       SFLA2          1         36
       SFLA2         32          6
       SFLA2         33         32
       SFLA2         34         33
       SFLA2         35         34
       SFLA2         36         35
!
      $ESET NAME = OMEGA_1
                1          2          3          4          5          6          7          8          9         10         11         12         13         14
               15         16         17         18         19         20         21         22         23         24         25         26         27         28
               29         30         31         32         33         34         35         36         37         38         39         40         41         42
               43         44         45         46         47         48
      $ESET NAME = OMEGA_2
               49         50         51         52         53         54         55         56         57         58         59         60         61         62
               63         64         65         66         67         68         69         70         71         72
      $ESET NAME = SURFACE1
                1          2          3          4          5          6          7          8          9         10         11         12         13         14
               15         16         17         18         19         20         21         22         23         24         25         26         27         28
               29         30         31         32         33         34         35         36         37         38         39         40         41         42
               43         44         45         46         47         48
      $ESET NAME = SURFACE2
               49         50         51         52         53         54         55         56         57         58         59         60         61         62
               63         64         65         66         67         68         69         70         71         72
!
      $COOR
                1  0.000000E+00  0.000000E+00  0.000000E+00
                2  4.064000E-01  0.000000E+00  0.000000E+00
                3  6.096000E-01  0.000000E+00  0.000000E+00
                4  6.096000E-01  3.048000E-01  0.000000E+00
                5  4.064000E-01  3.048000E-01  0.000000E+00
                6  0.000000E+00  3.048000E-01  0.000000E+00
                7  5.080000E-02  0.000000E+00  0.000000E+00
                8  1.016000E-01  0.000000E+00  0.000000E+00
                9  1.524000E-01  0.000000E+00  0.000000E+00
               10  2.032000E-01  0.000000E+00  0.000000E+00
               11  2.540000E-01  0.000000E+00  0.000000E+00
               12  3.048000E-01  0.000000E+00  0.000000E+00
               13  3.556000E-01  0.000000E+00  0.000000E+00
               14  4.572000E-01  0.000000E+00  0.000000E+00
               15  5.080000E-01  0.000000E+00  0.000000E+00
               16  5.588000E-01  0.000000E+00  0.000000E+00
               17  6.096000E-01  5.080000E-02  0.000000E+00
               18  6.096000E-01  1.016000E-01  0.000000E+00
               19  6.096000E-01  1.524000E-01  0.000000E+00
               20  6.096000E-01  2.032000E-01  0.000000E+00
               21  6.096000E-01  2.540000E-01  0.000000E+00
               22  5.588000E-01  3.048000E-01  0.000000E+00
               23  5.080000E-01  3.048000E-01  0.000000E+00
               24  4.572000E-01  3.048000E-01  0.000000E+00
               25  3.556000E-01  3.048000E-01  0.000000E+00
               26  3.048000E-01  3.048000E-01  0.000000E+00
               27  2.540000E-01  3.048000E-01  0.000000E+00
               28  2.032000E-01  3.048000E-01  0.000000E+00
               29  1.524000E-01  3.048000E-01  0.000000E+00
               30  1.016000E-01  3.048000E-01  0.000000E+00
               31  5.080000E-02  3.048000E-01  0.000000E+00
               32  0.000000E+00  2.540000E-01  0.000000E+00
               33  0.000000E+00  2.032000E-01  0.000000E+00
               34  0.000000E+00  1.524000E-01  0.000000E+00
               35  0.000000E+00  1.016000E-01  0.000000E+00
               36  0.000000E+00  5.080000E-02  0.000000E+00
               37  4.064000E-01  5.080000E-02  0.000000E+00
               38  4.064000E-01  1.016000E-01  0.000000E+00
               39  4.064000E-01  1.524000E-01  0.000000E+00
               40  4.064000E-01  2.032000E-01  0.000000E+00
               41  4.064000E-01  2.540000E-01  0.000000E+00
               42  5.080000E-02  5.080000E-02  0.000000E+00
               43  5.080000E-02  1.016000E-01  0.000000E+00
               44  5.080000E-02  1.524000E-01  0.000000E+00
               45  5.080000E-02  2.032000E-01  0.000000E+00
               46  5.080000E-02  2.540000E-01  0.000000E+00
               47  1.016000E-01  5.080000E-02  0.000000E+00
               48  1.016000E-01  1.016000E-01  0.000000E+00
               49  1.016000E-01  1.524000E-01  0.000000E+00
               50  1.016000E-01  2.032000E-01  0.000000E+00
               51  1.016000E-01  2.540000E-01  0.000000E+00
               52  1.524000E-01  5.080000E-02  0.000000E+00
               53  1.524000E-01  1.016000E-01  0.000000E+00
               54  1.524000E-01  1.524000E-01  0.000000E+00
               55  1.524000E-01  2.032000E-01  0.000000E+00
               56  1.524000E-01  2.540000E-01  0.000000E+00
               57  2.032000E-01  5.080000E-02  0.000000E+00
               58  2.032000E-01  1.016000E-01  0.000000E+00
               59  2.032000E-01  1.524000E-01  0.000000E+00
               60  2.032000E-01  2.032000E-01  0.000000E+00
               61  2.032000E-01  2.540000E-01  0.000000E+00
               62  2.540000E-01  5.080000E-02  0.000000E+00
               63  2.540000E-01  1.016000E-01  0.000000E+00
               64  2.540000E-01  1.524000E-01  0.000000E+00
               65  2.540000E-01  2.032000E-01  0.000000E+00
               66  2.540000E-01  2.540000E-01  0.000000E+00
               67  3.048000E-01  5.080000E-02  0.000000E+00
               68  3.048000E-01  1.016000E-01  0.000000E+00
               69  3.048000E-01  1.524000E-01  0.000000E+00
               70  3.048000E-01  2.032000E-01  0.000000E+00
               71  3.048000E-01  2.540000E-01  0.000000E+00
               72  3.556000E-01  5.080000E-02  0.000000E+00
               73  3.556000E-01  1.016000E-01  0.000000E+00
               74  3.556000E-01  1.524000E-01  0.000000E+00
               75  3.556000E-01  2.032000E-01  0.000000E+00
               76  3.556000E-01  2.540000E-01  0.000000E+00
               77  4.572000E-01  5.080000E-02  0.000000E+00
               78  4.572000E-01  1.016000E-01  0.000000E+00
               79  4.572000E-01  1.524000E-01  0.000000E+00
               80  4.572000E-01  2.032000E-01  0.000000E+00
               81  4.572000E-01  2.540000E-01  0.000000E+00
               82  5.080000E-01  5.080000E-02  0.000000E+00
               83  5.080000E-01  1.016000E-01  0.000000E+00
               84  5.080000E-01  1.524000E-01  0.000000E+00
               85  5.080000E-01  2.032000E-01  0.000000E+00
               86  5.080000E-01  2.540000E-01  0.000000E+00
               87  5.588000E-01  5.080000E-02  0.000000E+00
               88  5.588000E-01  1.016000E-01  0.000000E+00
               89  5.588000E-01  1.524000E-01  0.000000E+00
               90  5.588000E-01  2.032000E-01  0.000000E+00
               91  5.588000E-01  2.540000E-01  0.000000E+00
!
      $PART  NAME = SURFACE1
       SURFACE1
      $PART  NAME = SURFACE2
       SURFACE2
!
   $END STRUCTURE
!------
   $SYSTEM  NAME = S_STEP_1
!
!     Caution: PERMAS makes use of C = ALPHA * K + BETA * M  
!
      $COMPDAMP
!     Damping ratio xi = 0.020
!     Standard approach
!         ALPHA = 1.652919e-04 BETA = 1.463688e+00
          ALPHA = 1.21E-04  BETA = 1.32  ! Fig. 8
!
      $GEODAT SHELL     CONT = THICK      NODES = ALL
       GD_OMEGA_1    3.175000E-03
       GD_OMEGA_2    3.175000E-03
!
      $ELPROP
       OMEGA_1       GEODAT = GD_OMEGA_1    MATERIAL = ALUMINUM
       OMEGA_2       GEODAT = GD_OMEGA_2    MATERIAL = ALUMINUM
!
   $END SYSTEM
!------
   $CONSTRAINTS  NAME = C_STEP_1
!
      $SUPPRESS  LINENODE  DOFS = 1,2,3,4,5,6  DOFTYPE = DISP
       CLAMPED
!
   $END CONSTRAINTS
!------
   $LOADING NAME = L_STEP_3
!
      $CONLOAD LPAT = 1
!         A 3: 1.0
         A 3: -0.63

      $FREQLOAD
         LPAT = 1 TYPE = COSINE
!
   $END LOADING
!------
   $RESULTS NAME = R_STEP_3

      $FREQUENCY PRIMARY = EQUI
         0.0  300.0 1.0

   $END RESULTS
!------
$EXIT COMPONENT
!------------------------------------
$ENTER MATERIAL
!------
   $MATERIAL  NAME = ALUMINUM  TYPE = ISO
!
      $ELASTIC  GENERAL  INPUT = DATA
!       7.000000E+10  2.500000E-01
        1.630000E+11  2.700000E-01
!
      $DENSITY  GENERAL  INPUT = DATA
!       2.700000E+03
        4.715000E+03
!
   $END MATERIAL
!------
$EXIT MATERIAL
!------------------------------------
$FIN
