$ENTER COMPONENT  NAME = DFLT_COMP  DOFTYPE = DISP MATH
!------
   $SITUATION  NAME = STEP_1
      DFLT_COMP  CONSTRAINTS = C_STEP_1  SYSTEM = S_STEP_1  LOADING = L_STEP_1
   $END SITUATION
!
   $STRUCTURE
!
      $ELEMENT TYPE = QUAD4  ESET = STRINGER
                1          4         14        239         18
                2         18        239        240         19
                3         19        240        241         20
                4         20        241        242         21
                5         21        242        243         22
                6         22        243        244         23
                7         23        244        245         24
                8         24        245        246         25
                9         25        246        247         26
               10         26        247        248         27
               11         27        248        249         28
               12         28        249        250         29
               13         29        250        251         30
               14         30        251        252         31
               15         31        252        253         32
               16         32        253        254         33
               17         33        254        255         34
               18         34        255        256         35
               19         35        256        257         36
               20         36        257        258         37
               21         37        258        259         38
               22         38        259        260         39
               23         39        260        261         40
               24         40        261        262         41
               25         41        262        263         42
               26         42        263        264         43
               27         43        264        265         44
               28         44        265        266         45
               29         45        266        267         46
               30         46        267        268         47
               31         47        268        269         48
               32         48        269        270         49
               33         49        270        271         50
               34         50        271        272         51
               35         51        272        273         52
               36         52        273        274         53
               37         53        274        275         54
               38         54        275        276         55
               39         55        276        277         56
               40         56        277        278         57
               41         57        278        279         58
               42         58        279        280         59
               43         59        280        281         60
               44         60        281        282         61
               45         61        282        283         62
               46         62        283        284         63
               47         63        284        285         64
               48         64        285        286         65
               49         65        286        287         66
               50         66        287        288         67
               51         67        288        289         68
               52         68        289        290         69
               53         69        290        291         70
               54         70        291        292         71
               55         71        292         16          5
               56         14         15        293        239
               57        239        293        294        240
               58        240        294        295        241
               59        241        295        296        242
               60        242        296        297        243
               61        243        297        298        244
               62        244        298        299        245
               63        245        299        300        246
               64        246        300        301        247
               65        247        301        302        248
               66        248        302        303        249
               67        249        303        304        250
               68        250        304        305        251
               69        251        305        306        252
               70        252        306        307        253
               71        253        307        308        254
               72        254        308        309        255
               73        255        309        310        256
               74        256        310        311        257
               75        257        311        312        258
               76        258        312        313        259
               77        259        313        314        260
               78        260        314        315        261
               79        261        315        316        262
               80        262        316        317        263
               81        263        317        318        264
               82        264        318        319        265
               83        265        319        320        266
               84        266        320        321        267
               85        267        321        322        268
               86        268        322        323        269
               87        269        323        324        270
               88        270        324        325        271
               89        271        325        326        272
               90        272        326        327        273
               91        273        327        328        274
               92        274        328        329        275
               93        275        329        330        276
               94        276        330        331        277
               95        277        331        332        278
               96        278        332        333        279
               97        279        333        334        280
               98        280        334        335        281
               99        281        335        336        282
              100        282        336        337        283
              101        283        337        338        284
              102        284        338        339        285
              103        285        339        340        286
              104        286        340        341        287
              105        287        341        342        288
              106        288        342        343        289
              107        289        343        344        290
              108        290        344        345        291
              109        291        345        346        292
              110        292        346         17         16
              111         15          3         72        293
              112        293         72         73        294
              113        294         73         74        295
              114        295         74         75        296
              115        296         75         76        297
              116        297         76         77        298
              117        298         77         78        299
              118        299         78         79        300
              119        300         79         80        301
              120        301         80         81        302
              121        302         81         82        303
              122        303         82         83        304
              123        304         83         84        305
              124        305         84         85        306
              125        306         85         86        307
              126        307         86         87        308
              127        308         87         88        309
              128        309         88         89        310
              129        310         89         90        311
              130        311         90         91        312
              131        312         91         92        313
              132        313         92         93        314
              133        314         93         94        315
              134        315         94         95        316
              135        316         95         96        317
              136        317         96         97        318
              137        318         97         98        319
              138        319         98         99        320
              139        320         99        100        321
              140        321        100        101        322
              141        322        101        102        323
              142        323        102        103        324
              143        324        103        104        325
              144        325        104        105        326
              145        326        105        106        327
              146        327        106        107        328
              147        328        107        108        329
              148        329        108        109        330
              149        330        109        110        331
              150        331        110        111        332
              151        332        111        112        333
              152        333        112        113        334
              153        334        113        114        335
              154        335        114        115        336
              155        336        115        116        337
              156        337        116        117        338
              157        338        117        118        339
              158        339        118        119        340
              159        340        119        120        341
              160        341        120        121        342
              161        342        121        122        343
              162        343        122        123        344
              163        344        123        124        345
              164        345        124        125        346
              165        346        125          6         17
              166          1          9        347        128
              167        128        347        348        129
              168        129        348        349        130
              169        130        349        350        131
              170        131        350        351        132
              171        132        351        352        133
              172        133        352        353        134
              173        134        353        354        135
              174        135        354        355        136
              175        136        355        356        137
              176        137        356        357        138
              177        138        357        358        139
              178        139        358        359        140
              179        140        359        360        141
              180        141        360        361        142
              181        142        361        362        143
              182        143        362        363        144
              183        144        363        364        145
              184        145        364        365        146
              185        146        365        366        147
              186        147        366        367        148
              187        148        367        368        149
              188        149        368        369        150
              189        150        369        370        151
              190        151        370        371        152
              191        152        371        372        153
              192        153        372        373        154
              193        154        373        374        155
              194        155        374        375        156
              195        156        375        376        157
              196        157        376        377        158
              197        158        377        378        159
              198        159        378        379        160
              199        160        379        380        161
              200        161        380        381        162
              201        162        381        382        163
              202        163        382        383        164
              203        164        383        384        165
              204        165        384        385        166
              205        166        385        386        167
              206        167        386        387        168
              207        168        387        388        169
              208        169        388        389        170
              209        170        389        390        171
              210        171        390        391        172
              211        172        391        392        173
              212        173        392        393        174
              213        174        393        394        175
              214        175        394        395        176
              215        176        395        396        177
              216        177        396        397        178
              217        178        397        398        179
              218        179        398        399        180
              219        180        399        400        181
              220        181        400        126          7
              221          9         10        401        347
              222        347        401        402        348
              223        348        402        403        349
              224        349        403        404        350
              225        350        404        405        351
              226        351        405        406        352
              227        352        406        407        353
              228        353        407        408        354
              229        354        408        409        355
              230        355        409        410        356
              231        356        410        411        357
              232        357        411        412        358
              233        358        412        413        359
              234        359        413        414        360
              235        360        414        415        361
              236        361        415        416        362
              237        362        416        417        363
              238        363        417        418        364
              239        364        418        419        365
              240        365        419        420        366
              241        366        420        421        367
              242        367        421        422        368
              243        368        422        423        369
              244        369        423        424        370
              245        370        424        425        371
              246        371        425        426        372
              247        372        426        427        373
              248        373        427        428        374
              249        374        428        429        375
              250        375        429        430        376
              251        376        430        431        377
              252        377        431        432        378
              253        378        432        433        379
              254        379        433        434        380
              255        380        434        435        381
              256        381        435        436        382
              257        382        436        437        383
              258        383        437        438        384
              259        384        438        439        385
              260        385        439        440        386
              261        386        440        441        387
              262        387        441        442        388
              263        388        442        443        389
              264        389        443        444        390
              265        390        444        445        391
              266        391        445        446        392
              267        392        446        447        393
              268        393        447        448        394
              269        394        448        449        395
              270        395        449        450        396
              271        396        450        451        397
              272        397        451        452        398
              273        398        452        453        399
              274        399        453        454        400
              275        400        454        127        126
              276         10          2        182        401
              277        401        182        183        402
              278        402        183        184        403
              279        403        184        185        404
              280        404        185        186        405
              281        405        186        187        406
              282        406        187        188        407
              283        407        188        189        408
              284        408        189        190        409
              285        409        190        191        410
              286        410        191        192        411
              287        411        192        193        412
              288        412        193        194        413
              289        413        194        195        414
              290        414        195        196        415
              291        415        196        197        416
              292        416        197        198        417
              293        417        198        199        418
              294        418        199        200        419
              295        419        200        201        420
              296        420        201        202        421
              297        421        202        203        422
              298        422        203        204        423
              299        423        204        205        424
              300        424        205        206        425
              301        425        206        207        426
              302        426        207        208        427
              303        427        208        209        428
              304        428        209        210        429
              305        429        210        211        430
              306        430        211        212        431
              307        431        212        213        432
              308        432        213        214        433
              309        433        214        215        434
              310        434        215        216        435
              311        435        216        217        436
              312        436        217        218        437
              313        437        218        219        438
              314        438        219        220        439
              315        439        220        221        440
              316        440        221        222        441
              317        441        222        223        442
              318        442        223        224        443
              319        443        224        225        444
              320        444        225        226        445
              321        445        226        227        446
              322        446        227        228        447
              323        447        228        229        448
              324        448        229        230        449
              325        449        230        231        450
              326        450        231        232        451
              327        451        232        233        452
              328        452        233        234        453
              329        453        234        235        454
              330        454        235          8        127
              331          1         11        455        128
              332        128        455        456        129
              333        129        456        457        130
              334        130        457        458        131
              335        131        458        459        132
              336        132        459        460        133
              337        133        460        461        134
              338        134        461        462        135
              339        135        462        463        136
              340        136        463        464        137
              341        137        464        465        138
              342        138        465        466        139
              343        139        466        467        140
              344        140        467        468        141
              345        141        468        469        142
              346        142        469        470        143
              347        143        470        471        144
              348        144        471        472        145
              349        145        472        473        146
              350        146        473        474        147
              351        147        474        475        148
              352        148        475        476        149
              353        149        476        477        150
              354        150        477        478        151
              355        151        478        479        152
              356        152        479        480        153
              357        153        480        481        154
              358        154        481        482        155
              359        155        482        483        156
              360        156        483        484        157
              361        157        484        485        158
              362        158        485        486        159
              363        159        486        487        160
              364        160        487        488        161
              365        161        488        489        162
              366        162        489        490        163
              367        163        490        491        164
              368        164        491        492        165
              369        165        492        493        166
              370        166        493        494        167
              371        167        494        495        168
              372        168        495        496        169
              373        169        496        497        170
              374        170        497        498        171
              375        171        498        499        172
              376        172        499        500        173
              377        173        500        501        174
              378        174        501        502        175
              379        175        502        503        176
              380        176        503        504        177
              381        177        504        505        178
              382        178        505        506        179
              383        179        506        507        180
              384        180        507        508        181
              385        181        508        236          7
              386         11         12        509        455
              387        455        509        510        456
              388        456        510        511        457
              389        457        511        512        458
              390        458        512        513        459
              391        459        513        514        460
              392        460        514        515        461
              393        461        515        516        462
              394        462        516        517        463
              395        463        517        518        464
              396        464        518        519        465
              397        465        519        520        466
              398        466        520        521        467
              399        467        521        522        468
              400        468        522        523        469
              401        469        523        524        470
              402        470        524        525        471
              403        471        525        526        472
              404        472        526        527        473
              405        473        527        528        474
              406        474        528        529        475
              407        475        529        530        476
              408        476        530        531        477
              409        477        531        532        478
              410        478        532        533        479
              411        479        533        534        480
              412        480        534        535        481
              413        481        535        536        482
              414        482        536        537        483
              415        483        537        538        484
              416        484        538        539        485
              417        485        539        540        486
              418        486        540        541        487
              419        487        541        542        488
              420        488        542        543        489
              421        489        543        544        490
              422        490        544        545        491
              423        491        545        546        492
              424        492        546        547        493
              425        493        547        548        494
              426        494        548        549        495
              427        495        549        550        496
              428        496        550        551        497
              429        497        551        552        498
              430        498        552        553        499
              431        499        553        554        500
              432        500        554        555        501
              433        501        555        556        502
              434        502        556        557        503
              435        503        557        558        504
              436        504        558        559        505
              437        505        559        560        506
              438        506        560        561        507
              439        507        561        562        508
              440        508        562        237        236
              441         12         13        563        509
              442        509        563        564        510
              443        510        564        565        511
              444        511        565        566        512
              445        512        566        567        513
              446        513        567        568        514
              447        514        568        569        515
              448        515        569        570        516
              449        516        570        571        517
              450        517        571        572        518
              451        518        572        573        519
              452        519        573        574        520
              453        520        574        575        521
              454        521        575        576        522
              455        522        576        577        523
              456        523        577        578        524
              457        524        578        579        525
              458        525        579        580        526
              459        526        580        581        527
              460        527        581        582        528
              461        528        582        583        529
              462        529        583        584        530
              463        530        584        585        531
              464        531        585        586        532
              465        532        586        587        533
              466        533        587        588        534
              467        534        588        589        535
              468        535        589        590        536
              469        536        590        591        537
              470        537        591        592        538
              471        538        592        593        539
              472        539        593        594        540
              473        540        594        595        541
              474        541        595        596        542
              475        542        596        597        543
              476        543        597        598        544
              477        544        598        599        545
              478        545        599        600        546
              479        546        600        601        547
              480        547        601        602        548
              481        548        602        603        549
              482        549        603        604        550
              483        550        604        605        551
              484        551        605        606        552
              485        552        606        607        553
              486        553        607        608        554
              487        554        608        609        555
              488        555        609        610        556
              489        556        610        611        557
              490        557        611        612        558
              491        558        612        613        559
              492        559        613        614        560
              493        560        614        615        561
              494        561        615        616        562
              495        562        616        238        237
              496         13          4         18        563
              497        563         18         19        564
              498        564         19         20        565
              499        565         20         21        566
              500        566         21         22        567
              501        567         22         23        568
              502        568         23         24        569
              503        569         24         25        570
              504        570         25         26        571
              505        571         26         27        572
              506        572         27         28        573
              507        573         28         29        574
              508        574         29         30        575
              509        575         30         31        576
              510        576         31         32        577
              511        577         32         33        578
              512        578         33         34        579
              513        579         34         35        580
              514        580         35         36        581
              515        581         36         37        582
              516        582         37         38        583
              517        583         38         39        584
              518        584         39         40        585
              519        585         40         41        586
              520        586         41         42        587
              521        587         42         43        588
              522        588         43         44        589
              523        589         44         45        590
              524        590         45         46        591
              525        591         46         47        592
              526        592         47         48        593
              527        593         48         49        594
              528        594         49         50        595
              529        595         50         51        596
              530        596         51         52        597
              531        597         52         53        598
              532        598         53         54        599
              533        599         54         55        600
              534        600         55         56        601
              535        601         56         57        602
              536        602         57         58        603
              537        603         58         59        604
              538        604         59         60        605
              539        605         60         61        606
              540        606         61         62        607
              541        607         62         63        608
              542        608         63         64        609
              543        609         64         65        610
              544        610         65         66        611
              545        611         66         67        612
              546        612         67         68        613
              547        613         68         69        614
              548        614         69         70        615
              549        615         70         71        616
              550        616         71          5        238
!
      $MPC RIGID  DPDOFS = 1,2,3,4,5,6  DOFTYPE = DISP
                1 SHEAR_CENTER: TIP
!
      $LINE GEO  LNID = CLAMPED
       SFLA2          1          9
       SFLA2          1         11
       SFLA2         10          2
       SFLA2         15          3
       SFLA2         13          4
       SFLA2          4         14
       SFLA2          9         10
       SFLA2         11         12
       SFLA2         12         13
       SFLA2         14         15
      $LINE GEO  LNID = TIP
       SFLA2         16          5
       SFLA2          5        238
       SFLA2          6         17
       SFLA2        126          7
       SFLA2        236          7
       SFLA2          8        127
       SFLA2         17         16
       SFLA2        127        126
       SFLA2        237        236
       SFLA2        238        237
!
      $NSET NAME = SHEAR_CENTER
              617
      $NSET NAME = TIP
                5          6          7          8         16         17        126        127        236        237        238
      $ESET NAME = SURFACE7
                1          2          3          4          5          6          7          8          9         10         11         12         13         14
               15         16         17         18         19         20         21         22         23         24         25         26         27         28
               29         30         31         32         33         34         35         36         37         38         39         40         41         42
               43         44         45         46         47         48         49         50         51         52         53         54         55         56
               57         58         59         60         61         62         63         64         65         66         67         68         69         70
               71         72         73         74         75         76         77         78         79         80         81         82         83         84
               85         86         87         88         89         90         91         92         93         94         95         96         97         98
               99        100        101        102        103        104        105        106        107        108        109        110        111        112
              113        114        115        116        117        118        119        120        121        122        123        124        125        126
              127        128        129        130        131        132        133        134        135        136        137        138        139        140
              141        142        143        144        145        146        147        148        149        150        151        152        153        154
              155        156        157        158        159        160        161        162        163        164        165
      $ESET NAME = SURFACE11
              166        167        168        169        170        171        172        173        174        175        176        177        178        179
              180        181        182        183        184        185        186        187        188        189        190        191        192        193
              194        195        196        197        198        199        200        201        202        203        204        205        206        207
              208        209        210        211        212        213        214        215        216        217        218        219        220        221
              222        223        224        225        226        227        228        229        230        231        232        233        234        235
              236        237        238        239        240        241        242        243        244        245        246        247        248        249
              250        251        252        253        254        255        256        257        258        259        260        261        262        263
              264        265        266        267        268        269        270        271        272        273        274        275        276        277
              278        279        280        281        282        283        284        285        286        287        288        289        290        291
              292        293        294        295        296        297        298        299        300        301        302        303        304        305
              306        307        308        309        310        311        312        313        314        315        316        317        318        319
              320        321        322        323        324        325        326        327        328        329        330
      $ESET NAME = SURFACE15
              331        332        333        334        335        336        337        338        339        340        341        342        343        344
              345        346        347        348        349        350        351        352        353        354        355        356        357        358
              359        360        361        362        363        364        365        366        367        368        369        370        371        372
              373        374        375        376        377        378        379        380        381        382        383        384        385        386
              387        388        389        390        391        392        393        394        395        396        397        398        399        400
              401        402        403        404        405        406        407        408        409        410        411        412        413        414
              415        416        417        418        419        420        421        422        423        424        425        426        427        428
              429        430        431        432        433        434        435        436        437        438        439        440        441        442
              443        444        445        446        447        448        449        450        451        452        453        454        455        456
              457        458        459        460        461        462        463        464        465        466        467        468        469        470
              471        472        473        474        475        476        477        478        479        480        481        482        483        484
              485        486        487        488        489        490        491        492        493        494        495        496        497        498
              499        500        501        502        503        504        505        506        507        508        509        510        511        512
              513        514        515        516        517        518        519        520        521        522        523        524        525        526
              527        528        529        530        531        532        533        534        535        536        537        538        539        540
              541        542        543        544        545        546        547        548        549        550
!
      $COOR
                1  0.000000E+00  0.000000E+00  0.000000E+00
                2  0.000000E+00  3.005000E+01  0.000000E+00
                3  0.000000E+00  3.005000E+01  4.520000E+01
                4  0.000000E+00  0.000000E+00  4.520000E+01
                5  1.100000E+03  0.000000E+00  4.520000E+01
                6  1.100000E+03  3.005000E+01  4.520000E+01
                7  1.100000E+03  0.000000E+00  0.000000E+00
                8  1.100000E+03  3.005000E+01  0.000000E+00
                9  0.000000E+00  1.001667E+01  0.000000E+00
               10  0.000000E+00  2.003333E+01  0.000000E+00
               11  0.000000E+00  0.000000E+00  1.130000E+01
               12  0.000000E+00  0.000000E+00  2.260000E+01
               13  0.000000E+00  0.000000E+00  3.390000E+01
               14  0.000000E+00  1.001667E+01  4.520000E+01
               15  0.000000E+00  2.003333E+01  4.520000E+01
               16  1.100000E+03  1.001667E+01  4.520000E+01
               17  1.100000E+03  2.003333E+01  4.520000E+01
               18  2.000000E+01  0.000000E+00  4.520000E+01
               19  4.000000E+01  0.000000E+00  4.520000E+01
               20  6.000000E+01  0.000000E+00  4.520000E+01
               21  8.000000E+01  0.000000E+00  4.520000E+01
               22  1.000000E+02  0.000000E+00  4.520000E+01
               23  1.200000E+02  0.000000E+00  4.520000E+01
               24  1.400000E+02  0.000000E+00  4.520000E+01
               25  1.600000E+02  0.000000E+00  4.520000E+01
               26  1.800000E+02  0.000000E+00  4.520000E+01
               27  2.000000E+02  0.000000E+00  4.520000E+01
               28  2.200000E+02  0.000000E+00  4.520000E+01
               29  2.400000E+02  0.000000E+00  4.520000E+01
               30  2.600000E+02  0.000000E+00  4.520000E+01
               31  2.800000E+02  0.000000E+00  4.520000E+01
               32  3.000000E+02  0.000000E+00  4.520000E+01
               33  3.200000E+02  0.000000E+00  4.520000E+01
               34  3.400000E+02  0.000000E+00  4.520000E+01
               35  3.600000E+02  0.000000E+00  4.520000E+01
               36  3.800000E+02  0.000000E+00  4.520000E+01
               37  4.000000E+02  0.000000E+00  4.520000E+01
               38  4.200000E+02  0.000000E+00  4.520000E+01
               39  4.400000E+02  0.000000E+00  4.520000E+01
               40  4.600000E+02  0.000000E+00  4.520000E+01
               41  4.800000E+02  0.000000E+00  4.520000E+01
               42  5.000000E+02  0.000000E+00  4.520000E+01
               43  5.200000E+02  0.000000E+00  4.520000E+01
               44  5.400000E+02  0.000000E+00  4.520000E+01
               45  5.600000E+02  0.000000E+00  4.520000E+01
               46  5.800000E+02  0.000000E+00  4.520000E+01
               47  6.000000E+02  0.000000E+00  4.520000E+01
               48  6.200000E+02  0.000000E+00  4.520000E+01
               49  6.400000E+02  0.000000E+00  4.520000E+01
               50  6.600000E+02  0.000000E+00  4.520000E+01
               51  6.800000E+02  0.000000E+00  4.520000E+01
               52  7.000000E+02  0.000000E+00  4.520000E+01
               53  7.200000E+02  0.000000E+00  4.520000E+01
               54  7.400000E+02  0.000000E+00  4.520000E+01
               55  7.600000E+02  0.000000E+00  4.520000E+01
               56  7.800000E+02  0.000000E+00  4.520000E+01
               57  8.000000E+02  0.000000E+00  4.520000E+01
               58  8.200000E+02  0.000000E+00  4.520000E+01
               59  8.400000E+02  0.000000E+00  4.520000E+01
               60  8.600000E+02  0.000000E+00  4.520000E+01
               61  8.800000E+02  0.000000E+00  4.520000E+01
               62  9.000000E+02  0.000000E+00  4.520000E+01
               63  9.200000E+02  0.000000E+00  4.520000E+01
               64  9.400000E+02  0.000000E+00  4.520000E+01
               65  9.600000E+02  0.000000E+00  4.520000E+01
               66  9.800000E+02  0.000000E+00  4.520000E+01
               67  1.000000E+03  0.000000E+00  4.520000E+01
               68  1.020000E+03  0.000000E+00  4.520000E+01
               69  1.040000E+03  0.000000E+00  4.520000E+01
               70  1.060000E+03  0.000000E+00  4.520000E+01
               71  1.080000E+03  0.000000E+00  4.520000E+01
               72  2.000000E+01  3.005000E+01  4.520000E+01
               73  4.000000E+01  3.005000E+01  4.520000E+01
               74  6.000000E+01  3.005000E+01  4.520000E+01
               75  8.000000E+01  3.005000E+01  4.520000E+01
               76  1.000000E+02  3.005000E+01  4.520000E+01
               77  1.200000E+02  3.005000E+01  4.520000E+01
               78  1.400000E+02  3.005000E+01  4.520000E+01
               79  1.600000E+02  3.005000E+01  4.520000E+01
               80  1.800000E+02  3.005000E+01  4.520000E+01
               81  2.000000E+02  3.005000E+01  4.520000E+01
               82  2.200000E+02  3.005000E+01  4.520000E+01
               83  2.400000E+02  3.005000E+01  4.520000E+01
               84  2.600000E+02  3.005000E+01  4.520000E+01
               85  2.800000E+02  3.005000E+01  4.520000E+01
               86  3.000000E+02  3.005000E+01  4.520000E+01
               87  3.200000E+02  3.005000E+01  4.520000E+01
               88  3.400000E+02  3.005000E+01  4.520000E+01
               89  3.600000E+02  3.005000E+01  4.520000E+01
               90  3.800000E+02  3.005000E+01  4.520000E+01
               91  4.000000E+02  3.005000E+01  4.520000E+01
               92  4.200000E+02  3.005000E+01  4.520000E+01
               93  4.400000E+02  3.005000E+01  4.520000E+01
               94  4.600000E+02  3.005000E+01  4.520000E+01
               95  4.800000E+02  3.005000E+01  4.520000E+01
               96  5.000000E+02  3.005000E+01  4.520000E+01
               97  5.200000E+02  3.005000E+01  4.520000E+01
               98  5.400000E+02  3.005000E+01  4.520000E+01
               99  5.600000E+02  3.005000E+01  4.520000E+01
              100  5.800000E+02  3.005000E+01  4.520000E+01
              101  6.000000E+02  3.005000E+01  4.520000E+01
              102  6.200000E+02  3.005000E+01  4.520000E+01
              103  6.400000E+02  3.005000E+01  4.520000E+01
              104  6.600000E+02  3.005000E+01  4.520000E+01
              105  6.800000E+02  3.005000E+01  4.520000E+01
              106  7.000000E+02  3.005000E+01  4.520000E+01
              107  7.200000E+02  3.005000E+01  4.520000E+01
              108  7.400000E+02  3.005000E+01  4.520000E+01
              109  7.600000E+02  3.005000E+01  4.520000E+01
              110  7.800000E+02  3.005000E+01  4.520000E+01
              111  8.000000E+02  3.005000E+01  4.520000E+01
              112  8.200000E+02  3.005000E+01  4.520000E+01
              113  8.400000E+02  3.005000E+01  4.520000E+01
              114  8.600000E+02  3.005000E+01  4.520000E+01
              115  8.800000E+02  3.005000E+01  4.520000E+01
              116  9.000000E+02  3.005000E+01  4.520000E+01
              117  9.200000E+02  3.005000E+01  4.520000E+01
              118  9.400000E+02  3.005000E+01  4.520000E+01
              119  9.600000E+02  3.005000E+01  4.520000E+01
              120  9.800000E+02  3.005000E+01  4.520000E+01
              121  1.000000E+03  3.005000E+01  4.520000E+01
              122  1.020000E+03  3.005000E+01  4.520000E+01
              123  1.040000E+03  3.005000E+01  4.520000E+01
              124  1.060000E+03  3.005000E+01  4.520000E+01
              125  1.080000E+03  3.005000E+01  4.520000E+01
              126  1.100000E+03  1.001667E+01  0.000000E+00
              127  1.100000E+03  2.003333E+01  0.000000E+00
              128  2.000000E+01  0.000000E+00  0.000000E+00
              129  4.000000E+01  0.000000E+00  0.000000E+00
              130  6.000000E+01  0.000000E+00  0.000000E+00
              131  8.000000E+01  0.000000E+00  0.000000E+00
              132  1.000000E+02  0.000000E+00  0.000000E+00
              133  1.200000E+02  0.000000E+00  0.000000E+00
              134  1.400000E+02  0.000000E+00  0.000000E+00
              135  1.600000E+02  0.000000E+00  0.000000E+00
              136  1.800000E+02  0.000000E+00  0.000000E+00
              137  2.000000E+02  0.000000E+00  0.000000E+00
              138  2.200000E+02  0.000000E+00  0.000000E+00
              139  2.400000E+02  0.000000E+00  0.000000E+00
              140  2.600000E+02  0.000000E+00  0.000000E+00
              141  2.800000E+02  0.000000E+00  0.000000E+00
              142  3.000000E+02  0.000000E+00  0.000000E+00
              143  3.200000E+02  0.000000E+00  0.000000E+00
              144  3.400000E+02  0.000000E+00  0.000000E+00
              145  3.600000E+02  0.000000E+00  0.000000E+00
              146  3.800000E+02  0.000000E+00  0.000000E+00
              147  4.000000E+02  0.000000E+00  0.000000E+00
              148  4.200000E+02  0.000000E+00  0.000000E+00
              149  4.400000E+02  0.000000E+00  0.000000E+00
              150  4.600000E+02  0.000000E+00  0.000000E+00
              151  4.800000E+02  0.000000E+00  0.000000E+00
              152  5.000000E+02  0.000000E+00  0.000000E+00
              153  5.200000E+02  0.000000E+00  0.000000E+00
              154  5.400000E+02  0.000000E+00  0.000000E+00
              155  5.600000E+02  0.000000E+00  0.000000E+00
              156  5.800000E+02  0.000000E+00  0.000000E+00
              157  6.000000E+02  0.000000E+00  0.000000E+00
              158  6.200000E+02  0.000000E+00  0.000000E+00
              159  6.400000E+02  0.000000E+00  0.000000E+00
              160  6.600000E+02  0.000000E+00  0.000000E+00
              161  6.800000E+02  0.000000E+00  0.000000E+00
              162  7.000000E+02  0.000000E+00  0.000000E+00
              163  7.200000E+02  0.000000E+00  0.000000E+00
              164  7.400000E+02  0.000000E+00  0.000000E+00
              165  7.600000E+02  0.000000E+00  0.000000E+00
              166  7.800000E+02  0.000000E+00  0.000000E+00
              167  8.000000E+02  0.000000E+00  0.000000E+00
              168  8.200000E+02  0.000000E+00  0.000000E+00
              169  8.400000E+02  0.000000E+00  0.000000E+00
              170  8.600000E+02  0.000000E+00  0.000000E+00
              171  8.800000E+02  0.000000E+00  0.000000E+00
              172  9.000000E+02  0.000000E+00  0.000000E+00
              173  9.200000E+02  0.000000E+00  0.000000E+00
              174  9.400000E+02  0.000000E+00  0.000000E+00
              175  9.600000E+02  0.000000E+00  0.000000E+00
              176  9.800000E+02  0.000000E+00  0.000000E+00
              177  1.000000E+03  0.000000E+00  0.000000E+00
              178  1.020000E+03  0.000000E+00  0.000000E+00
              179  1.040000E+03  0.000000E+00  0.000000E+00
              180  1.060000E+03  0.000000E+00  0.000000E+00
              181  1.080000E+03  0.000000E+00  0.000000E+00
              182  2.000000E+01  3.005000E+01  0.000000E+00
              183  4.000000E+01  3.005000E+01  0.000000E+00
              184  6.000000E+01  3.005000E+01  0.000000E+00
              185  8.000000E+01  3.005000E+01  0.000000E+00
              186  1.000000E+02  3.005000E+01  0.000000E+00
              187  1.200000E+02  3.005000E+01  0.000000E+00
              188  1.400000E+02  3.005000E+01  0.000000E+00
              189  1.600000E+02  3.005000E+01  0.000000E+00
              190  1.800000E+02  3.005000E+01  0.000000E+00
              191  2.000000E+02  3.005000E+01  0.000000E+00
              192  2.200000E+02  3.005000E+01  0.000000E+00
              193  2.400000E+02  3.005000E+01  0.000000E+00
              194  2.600000E+02  3.005000E+01  0.000000E+00
              195  2.800000E+02  3.005000E+01  0.000000E+00
              196  3.000000E+02  3.005000E+01  0.000000E+00
              197  3.200000E+02  3.005000E+01  0.000000E+00
              198  3.400000E+02  3.005000E+01  0.000000E+00
              199  3.600000E+02  3.005000E+01  0.000000E+00
              200  3.800000E+02  3.005000E+01  0.000000E+00
              201  4.000000E+02  3.005000E+01  0.000000E+00
              202  4.200000E+02  3.005000E+01  0.000000E+00
              203  4.400000E+02  3.005000E+01  0.000000E+00
              204  4.600000E+02  3.005000E+01  0.000000E+00
              205  4.800000E+02  3.005000E+01  0.000000E+00
              206  5.000000E+02  3.005000E+01  0.000000E+00
              207  5.200000E+02  3.005000E+01  0.000000E+00
              208  5.400000E+02  3.005000E+01  0.000000E+00
              209  5.600000E+02  3.005000E+01  0.000000E+00
              210  5.800000E+02  3.005000E+01  0.000000E+00
              211  6.000000E+02  3.005000E+01  0.000000E+00
              212  6.200000E+02  3.005000E+01  0.000000E+00
              213  6.400000E+02  3.005000E+01  0.000000E+00
              214  6.600000E+02  3.005000E+01  0.000000E+00
              215  6.800000E+02  3.005000E+01  0.000000E+00
              216  7.000000E+02  3.005000E+01  0.000000E+00
              217  7.200000E+02  3.005000E+01  0.000000E+00
              218  7.400000E+02  3.005000E+01  0.000000E+00
              219  7.600000E+02  3.005000E+01  0.000000E+00
              220  7.800000E+02  3.005000E+01  0.000000E+00
              221  8.000000E+02  3.005000E+01  0.000000E+00
              222  8.200000E+02  3.005000E+01  0.000000E+00
              223  8.400000E+02  3.005000E+01  0.000000E+00
              224  8.600000E+02  3.005000E+01  0.000000E+00
              225  8.800000E+02  3.005000E+01  0.000000E+00
              226  9.000000E+02  3.005000E+01  0.000000E+00
              227  9.200000E+02  3.005000E+01  0.000000E+00
              228  9.400000E+02  3.005000E+01  0.000000E+00
              229  9.600000E+02  3.005000E+01  0.000000E+00
              230  9.800000E+02  3.005000E+01  0.000000E+00
              231  1.000000E+03  3.005000E+01  0.000000E+00
              232  1.020000E+03  3.005000E+01  0.000000E+00
              233  1.040000E+03  3.005000E+01  0.000000E+00
              234  1.060000E+03  3.005000E+01  0.000000E+00
              235  1.080000E+03  3.005000E+01  0.000000E+00
              236  1.100000E+03  0.000000E+00  1.130000E+01
              237  1.100000E+03  0.000000E+00  2.260000E+01
              238  1.100000E+03  0.000000E+00  3.390000E+01
              239  2.000000E+01  1.001667E+01  4.520000E+01
              240  4.000000E+01  1.001667E+01  4.520000E+01
              241  6.000000E+01  1.001667E+01  4.520000E+01
              242  8.000000E+01  1.001667E+01  4.520000E+01
              243  1.000000E+02  1.001667E+01  4.520000E+01
              244  1.200000E+02  1.001667E+01  4.520000E+01
              245  1.400000E+02  1.001667E+01  4.520000E+01
              246  1.600000E+02  1.001667E+01  4.520000E+01
              247  1.800000E+02  1.001667E+01  4.520000E+01
              248  2.000000E+02  1.001667E+01  4.520000E+01
              249  2.200000E+02  1.001667E+01  4.520000E+01
              250  2.400000E+02  1.001667E+01  4.520000E+01
              251  2.600000E+02  1.001667E+01  4.520000E+01
              252  2.800000E+02  1.001667E+01  4.520000E+01
              253  3.000000E+02  1.001667E+01  4.520000E+01
              254  3.200000E+02  1.001667E+01  4.520000E+01
              255  3.400000E+02  1.001667E+01  4.520000E+01
              256  3.600000E+02  1.001667E+01  4.520000E+01
              257  3.800000E+02  1.001667E+01  4.520000E+01
              258  4.000000E+02  1.001667E+01  4.520000E+01
              259  4.200000E+02  1.001667E+01  4.520000E+01
              260  4.400000E+02  1.001667E+01  4.520000E+01
              261  4.600000E+02  1.001667E+01  4.520000E+01
              262  4.800000E+02  1.001667E+01  4.520000E+01
              263  5.000000E+02  1.001667E+01  4.520000E+01
              264  5.200000E+02  1.001667E+01  4.520000E+01
              265  5.400000E+02  1.001667E+01  4.520000E+01
              266  5.600000E+02  1.001667E+01  4.520000E+01
              267  5.800000E+02  1.001667E+01  4.520000E+01
              268  6.000000E+02  1.001667E+01  4.520000E+01
              269  6.200000E+02  1.001667E+01  4.520000E+01
              270  6.400000E+02  1.001667E+01  4.520000E+01
              271  6.600000E+02  1.001667E+01  4.520000E+01
              272  6.800000E+02  1.001667E+01  4.520000E+01
              273  7.000000E+02  1.001667E+01  4.520000E+01
              274  7.200000E+02  1.001667E+01  4.520000E+01
              275  7.400000E+02  1.001667E+01  4.520000E+01
              276  7.600000E+02  1.001667E+01  4.520000E+01
              277  7.800000E+02  1.001667E+01  4.520000E+01
              278  8.000000E+02  1.001667E+01  4.520000E+01
              279  8.200000E+02  1.001667E+01  4.520000E+01
              280  8.400000E+02  1.001667E+01  4.520000E+01
              281  8.600000E+02  1.001667E+01  4.520000E+01
              282  8.800000E+02  1.001667E+01  4.520000E+01
              283  9.000000E+02  1.001667E+01  4.520000E+01
              284  9.200000E+02  1.001667E+01  4.520000E+01
              285  9.400000E+02  1.001667E+01  4.520000E+01
              286  9.600000E+02  1.001667E+01  4.520000E+01
              287  9.800000E+02  1.001667E+01  4.520000E+01
              288  1.000000E+03  1.001667E+01  4.520000E+01
              289  1.020000E+03  1.001667E+01  4.520000E+01
              290  1.040000E+03  1.001667E+01  4.520000E+01
              291  1.060000E+03  1.001667E+01  4.520000E+01
              292  1.080000E+03  1.001667E+01  4.520000E+01
              293  2.000000E+01  2.003333E+01  4.520000E+01
              294  4.000000E+01  2.003333E+01  4.520000E+01
              295  6.000000E+01  2.003333E+01  4.520000E+01
              296  8.000000E+01  2.003333E+01  4.520000E+01
              297  1.000000E+02  2.003333E+01  4.520000E+01
              298  1.200000E+02  2.003333E+01  4.520000E+01
              299  1.400000E+02  2.003333E+01  4.520000E+01
              300  1.600000E+02  2.003333E+01  4.520000E+01
              301  1.800000E+02  2.003333E+01  4.520000E+01
              302  2.000000E+02  2.003333E+01  4.520000E+01
              303  2.200000E+02  2.003333E+01  4.520000E+01
              304  2.400000E+02  2.003333E+01  4.520000E+01
              305  2.600000E+02  2.003333E+01  4.520000E+01
              306  2.800000E+02  2.003333E+01  4.520000E+01
              307  3.000000E+02  2.003333E+01  4.520000E+01
              308  3.200000E+02  2.003333E+01  4.520000E+01
              309  3.400000E+02  2.003333E+01  4.520000E+01
              310  3.600000E+02  2.003333E+01  4.520000E+01
              311  3.800000E+02  2.003333E+01  4.520000E+01
              312  4.000000E+02  2.003333E+01  4.520000E+01
              313  4.200000E+02  2.003333E+01  4.520000E+01
              314  4.400000E+02  2.003333E+01  4.520000E+01
              315  4.600000E+02  2.003333E+01  4.520000E+01
              316  4.800000E+02  2.003333E+01  4.520000E+01
              317  5.000000E+02  2.003333E+01  4.520000E+01
              318  5.200000E+02  2.003333E+01  4.520000E+01
              319  5.400000E+02  2.003333E+01  4.520000E+01
              320  5.600000E+02  2.003333E+01  4.520000E+01
              321  5.800000E+02  2.003333E+01  4.520000E+01
              322  6.000000E+02  2.003333E+01  4.520000E+01
              323  6.200000E+02  2.003333E+01  4.520000E+01
              324  6.400000E+02  2.003333E+01  4.520000E+01
              325  6.600000E+02  2.003333E+01  4.520000E+01
              326  6.800000E+02  2.003333E+01  4.520000E+01
              327  7.000000E+02  2.003333E+01  4.520000E+01
              328  7.200000E+02  2.003333E+01  4.520000E+01
              329  7.400000E+02  2.003333E+01  4.520000E+01
              330  7.600000E+02  2.003333E+01  4.520000E+01
              331  7.800000E+02  2.003333E+01  4.520000E+01
              332  8.000000E+02  2.003333E+01  4.520000E+01
              333  8.200000E+02  2.003333E+01  4.520000E+01
              334  8.400000E+02  2.003333E+01  4.520000E+01
              335  8.600000E+02  2.003333E+01  4.520000E+01
              336  8.800000E+02  2.003333E+01  4.520000E+01
              337  9.000000E+02  2.003333E+01  4.520000E+01
              338  9.200000E+02  2.003333E+01  4.520000E+01
              339  9.400000E+02  2.003333E+01  4.520000E+01
              340  9.600000E+02  2.003333E+01  4.520000E+01
              341  9.800000E+02  2.003333E+01  4.520000E+01
              342  1.000000E+03  2.003333E+01  4.520000E+01
              343  1.020000E+03  2.003333E+01  4.520000E+01
              344  1.040000E+03  2.003333E+01  4.520000E+01
              345  1.060000E+03  2.003333E+01  4.520000E+01
              346  1.080000E+03  2.003333E+01  4.520000E+01
              347  2.000000E+01  1.001667E+01  0.000000E+00
              348  4.000000E+01  1.001667E+01  0.000000E+00
              349  6.000000E+01  1.001667E+01  0.000000E+00
              350  8.000000E+01  1.001667E+01  0.000000E+00
              351  1.000000E+02  1.001667E+01  0.000000E+00
              352  1.200000E+02  1.001667E+01  0.000000E+00
              353  1.400000E+02  1.001667E+01  0.000000E+00
              354  1.600000E+02  1.001667E+01  0.000000E+00
              355  1.800000E+02  1.001667E+01  0.000000E+00
              356  2.000000E+02  1.001667E+01  0.000000E+00
              357  2.200000E+02  1.001667E+01  0.000000E+00
              358  2.400000E+02  1.001667E+01  0.000000E+00
              359  2.600000E+02  1.001667E+01  0.000000E+00
              360  2.800000E+02  1.001667E+01  0.000000E+00
              361  3.000000E+02  1.001667E+01  0.000000E+00
              362  3.200000E+02  1.001667E+01  0.000000E+00
              363  3.400000E+02  1.001667E+01  0.000000E+00
              364  3.600000E+02  1.001667E+01  0.000000E+00
              365  3.800000E+02  1.001667E+01  0.000000E+00
              366  4.000000E+02  1.001667E+01  0.000000E+00
              367  4.200000E+02  1.001667E+01  0.000000E+00
              368  4.400000E+02  1.001667E+01  0.000000E+00
              369  4.600000E+02  1.001667E+01  0.000000E+00
              370  4.800000E+02  1.001667E+01  0.000000E+00
              371  5.000000E+02  1.001667E+01  0.000000E+00
              372  5.200000E+02  1.001667E+01  0.000000E+00
              373  5.400000E+02  1.001667E+01  0.000000E+00
              374  5.600000E+02  1.001667E+01  0.000000E+00
              375  5.800000E+02  1.001667E+01  0.000000E+00
              376  6.000000E+02  1.001667E+01  0.000000E+00
              377  6.200000E+02  1.001667E+01  0.000000E+00
              378  6.400000E+02  1.001667E+01  0.000000E+00
              379  6.600000E+02  1.001667E+01  0.000000E+00
              380  6.800000E+02  1.001667E+01  0.000000E+00
              381  7.000000E+02  1.001667E+01  0.000000E+00
              382  7.200000E+02  1.001667E+01  0.000000E+00
              383  7.400000E+02  1.001667E+01  0.000000E+00
              384  7.600000E+02  1.001667E+01  0.000000E+00
              385  7.800000E+02  1.001667E+01  0.000000E+00
              386  8.000000E+02  1.001667E+01  0.000000E+00
              387  8.200000E+02  1.001667E+01  0.000000E+00
              388  8.400000E+02  1.001667E+01  0.000000E+00
              389  8.600000E+02  1.001667E+01  0.000000E+00
              390  8.800000E+02  1.001667E+01  0.000000E+00
              391  9.000000E+02  1.001667E+01  0.000000E+00
              392  9.200000E+02  1.001667E+01  0.000000E+00
              393  9.400000E+02  1.001667E+01  0.000000E+00
              394  9.600000E+02  1.001667E+01  0.000000E+00
              395  9.800000E+02  1.001667E+01  0.000000E+00
              396  1.000000E+03  1.001667E+01  0.000000E+00
              397  1.020000E+03  1.001667E+01  0.000000E+00
              398  1.040000E+03  1.001667E+01  0.000000E+00
              399  1.060000E+03  1.001667E+01  0.000000E+00
              400  1.080000E+03  1.001667E+01  0.000000E+00
              401  2.000000E+01  2.003333E+01  0.000000E+00
              402  4.000000E+01  2.003333E+01  0.000000E+00
              403  6.000000E+01  2.003333E+01  0.000000E+00
              404  8.000000E+01  2.003333E+01  0.000000E+00
              405  1.000000E+02  2.003333E+01  0.000000E+00
              406  1.200000E+02  2.003333E+01  0.000000E+00
              407  1.400000E+02  2.003333E+01  0.000000E+00
              408  1.600000E+02  2.003333E+01  0.000000E+00
              409  1.800000E+02  2.003333E+01  0.000000E+00
              410  2.000000E+02  2.003333E+01  0.000000E+00
              411  2.200000E+02  2.003333E+01  0.000000E+00
              412  2.400000E+02  2.003333E+01  0.000000E+00
              413  2.600000E+02  2.003333E+01  0.000000E+00
              414  2.800000E+02  2.003333E+01  0.000000E+00
              415  3.000000E+02  2.003333E+01  0.000000E+00
              416  3.200000E+02  2.003333E+01  0.000000E+00
              417  3.400000E+02  2.003333E+01  0.000000E+00
              418  3.600000E+02  2.003333E+01  0.000000E+00
              419  3.800000E+02  2.003333E+01  0.000000E+00
              420  4.000000E+02  2.003333E+01  0.000000E+00
              421  4.200000E+02  2.003333E+01  0.000000E+00
              422  4.400000E+02  2.003333E+01  0.000000E+00
              423  4.600000E+02  2.003333E+01  0.000000E+00
              424  4.800000E+02  2.003333E+01  0.000000E+00
              425  5.000000E+02  2.003333E+01  0.000000E+00
              426  5.200000E+02  2.003333E+01  0.000000E+00
              427  5.400000E+02  2.003333E+01  0.000000E+00
              428  5.600000E+02  2.003333E+01  0.000000E+00
              429  5.800000E+02  2.003333E+01  0.000000E+00
              430  6.000000E+02  2.003333E+01  0.000000E+00
              431  6.200000E+02  2.003333E+01  0.000000E+00
              432  6.400000E+02  2.003333E+01  0.000000E+00
              433  6.600000E+02  2.003333E+01  0.000000E+00
              434  6.800000E+02  2.003333E+01  0.000000E+00
              435  7.000000E+02  2.003333E+01  0.000000E+00
              436  7.200000E+02  2.003333E+01  0.000000E+00
              437  7.400000E+02  2.003333E+01  0.000000E+00
              438  7.600000E+02  2.003333E+01  0.000000E+00
              439  7.800000E+02  2.003333E+01  0.000000E+00
              440  8.000000E+02  2.003333E+01  0.000000E+00
              441  8.200000E+02  2.003333E+01  0.000000E+00
              442  8.400000E+02  2.003333E+01  0.000000E+00
              443  8.600000E+02  2.003333E+01  0.000000E+00
              444  8.800000E+02  2.003333E+01  0.000000E+00
              445  9.000000E+02  2.003333E+01  0.000000E+00
              446  9.200000E+02  2.003333E+01  0.000000E+00
              447  9.400000E+02  2.003333E+01  0.000000E+00
              448  9.600000E+02  2.003333E+01  0.000000E+00
              449  9.800000E+02  2.003333E+01  0.000000E+00
              450  1.000000E+03  2.003333E+01  0.000000E+00
              451  1.020000E+03  2.003333E+01  0.000000E+00
              452  1.040000E+03  2.003333E+01  0.000000E+00
              453  1.060000E+03  2.003333E+01  0.000000E+00
              454  1.080000E+03  2.003333E+01  0.000000E+00
              455  2.000000E+01  0.000000E+00  1.130000E+01
              456  4.000000E+01  0.000000E+00  1.130000E+01
              457  6.000000E+01  0.000000E+00  1.130000E+01
              458  8.000000E+01  0.000000E+00  1.130000E+01
              459  1.000000E+02  0.000000E+00  1.130000E+01
              460  1.200000E+02  0.000000E+00  1.130000E+01
              461  1.400000E+02  0.000000E+00  1.130000E+01
              462  1.600000E+02  0.000000E+00  1.130000E+01
              463  1.800000E+02  0.000000E+00  1.130000E+01
              464  2.000000E+02  0.000000E+00  1.130000E+01
              465  2.200000E+02  0.000000E+00  1.130000E+01
              466  2.400000E+02  0.000000E+00  1.130000E+01
              467  2.600000E+02  0.000000E+00  1.130000E+01
              468  2.800000E+02  0.000000E+00  1.130000E+01
              469  3.000000E+02  0.000000E+00  1.130000E+01
              470  3.200000E+02  0.000000E+00  1.130000E+01
              471  3.400000E+02  0.000000E+00  1.130000E+01
              472  3.600000E+02  0.000000E+00  1.130000E+01
              473  3.800000E+02  0.000000E+00  1.130000E+01
              474  4.000000E+02  0.000000E+00  1.130000E+01
              475  4.200000E+02  0.000000E+00  1.130000E+01
              476  4.400000E+02  0.000000E+00  1.130000E+01
              477  4.600000E+02  0.000000E+00  1.130000E+01
              478  4.800000E+02  0.000000E+00  1.130000E+01
              479  5.000000E+02  0.000000E+00  1.130000E+01
              480  5.200000E+02  0.000000E+00  1.130000E+01
              481  5.400000E+02  0.000000E+00  1.130000E+01
              482  5.600000E+02  0.000000E+00  1.130000E+01
              483  5.800000E+02  0.000000E+00  1.130000E+01
              484  6.000000E+02  0.000000E+00  1.130000E+01
              485  6.200000E+02  0.000000E+00  1.130000E+01
              486  6.400000E+02  0.000000E+00  1.130000E+01
              487  6.600000E+02  0.000000E+00  1.130000E+01
              488  6.800000E+02  0.000000E+00  1.130000E+01
              489  7.000000E+02  0.000000E+00  1.130000E+01
              490  7.200000E+02  0.000000E+00  1.130000E+01
              491  7.400000E+02  0.000000E+00  1.130000E+01
              492  7.600000E+02  0.000000E+00  1.130000E+01
              493  7.800000E+02  0.000000E+00  1.130000E+01
              494  8.000000E+02  0.000000E+00  1.130000E+01
              495  8.200000E+02  0.000000E+00  1.130000E+01
              496  8.400000E+02  0.000000E+00  1.130000E+01
              497  8.600000E+02  0.000000E+00  1.130000E+01
              498  8.800000E+02  0.000000E+00  1.130000E+01
              499  9.000000E+02  0.000000E+00  1.130000E+01
              500  9.200000E+02  0.000000E+00  1.130000E+01
              501  9.400000E+02  0.000000E+00  1.130000E+01
              502  9.600000E+02  0.000000E+00  1.130000E+01
              503  9.800000E+02  0.000000E+00  1.130000E+01
              504  1.000000E+03  0.000000E+00  1.130000E+01
              505  1.020000E+03  0.000000E+00  1.130000E+01
              506  1.040000E+03  0.000000E+00  1.130000E+01
              507  1.060000E+03  0.000000E+00  1.130000E+01
              508  1.080000E+03  0.000000E+00  1.130000E+01
              509  2.000000E+01  0.000000E+00  2.260000E+01
              510  4.000000E+01  0.000000E+00  2.260000E+01
              511  6.000000E+01  0.000000E+00  2.260000E+01
              512  8.000000E+01  0.000000E+00  2.260000E+01
              513  1.000000E+02  0.000000E+00  2.260000E+01
              514  1.200000E+02  0.000000E+00  2.260000E+01
              515  1.400000E+02  0.000000E+00  2.260000E+01
              516  1.600000E+02  0.000000E+00  2.260000E+01
              517  1.800000E+02  0.000000E+00  2.260000E+01
              518  2.000000E+02  0.000000E+00  2.260000E+01
              519  2.200000E+02  0.000000E+00  2.260000E+01
              520  2.400000E+02  0.000000E+00  2.260000E+01
              521  2.600000E+02  0.000000E+00  2.260000E+01
              522  2.800000E+02  0.000000E+00  2.260000E+01
              523  3.000000E+02  0.000000E+00  2.260000E+01
              524  3.200000E+02  0.000000E+00  2.260000E+01
              525  3.400000E+02  0.000000E+00  2.260000E+01
              526  3.600000E+02  0.000000E+00  2.260000E+01
              527  3.800000E+02  0.000000E+00  2.260000E+01
              528  4.000000E+02  0.000000E+00  2.260000E+01
              529  4.200000E+02  0.000000E+00  2.260000E+01
              530  4.400000E+02  0.000000E+00  2.260000E+01
              531  4.600000E+02  0.000000E+00  2.260000E+01
              532  4.800000E+02  0.000000E+00  2.260000E+01
              533  5.000000E+02  0.000000E+00  2.260000E+01
              534  5.200000E+02  0.000000E+00  2.260000E+01
              535  5.400000E+02  0.000000E+00  2.260000E+01
              536  5.600000E+02  0.000000E+00  2.260000E+01
              537  5.800000E+02  0.000000E+00  2.260000E+01
              538  6.000000E+02  0.000000E+00  2.260000E+01
              539  6.200000E+02  0.000000E+00  2.260000E+01
              540  6.400000E+02  0.000000E+00  2.260000E+01
              541  6.600000E+02  0.000000E+00  2.260000E+01
              542  6.800000E+02  0.000000E+00  2.260000E+01
              543  7.000000E+02  0.000000E+00  2.260000E+01
              544  7.200000E+02  0.000000E+00  2.260000E+01
              545  7.400000E+02  0.000000E+00  2.260000E+01
              546  7.600000E+02  0.000000E+00  2.260000E+01
              547  7.800000E+02  0.000000E+00  2.260000E+01
              548  8.000000E+02  0.000000E+00  2.260000E+01
              549  8.200000E+02  0.000000E+00  2.260000E+01
              550  8.400000E+02  0.000000E+00  2.260000E+01
              551  8.600000E+02  0.000000E+00  2.260000E+01
              552  8.800000E+02  0.000000E+00  2.260000E+01
              553  9.000000E+02  0.000000E+00  2.260000E+01
              554  9.200000E+02  0.000000E+00  2.260000E+01
              555  9.400000E+02  0.000000E+00  2.260000E+01
              556  9.600000E+02  0.000000E+00  2.260000E+01
              557  9.800000E+02  0.000000E+00  2.260000E+01
              558  1.000000E+03  0.000000E+00  2.260000E+01
              559  1.020000E+03  0.000000E+00  2.260000E+01
              560  1.040000E+03  0.000000E+00  2.260000E+01
              561  1.060000E+03  0.000000E+00  2.260000E+01
              562  1.080000E+03  0.000000E+00  2.260000E+01
              563  2.000000E+01  0.000000E+00  3.390000E+01
              564  4.000000E+01  0.000000E+00  3.390000E+01
              565  6.000000E+01  0.000000E+00  3.390000E+01
              566  8.000000E+01  0.000000E+00  3.390000E+01
              567  1.000000E+02  0.000000E+00  3.390000E+01
              568  1.200000E+02  0.000000E+00  3.390000E+01
              569  1.400000E+02  0.000000E+00  3.390000E+01
              570  1.600000E+02  0.000000E+00  3.390000E+01
              571  1.800000E+02  0.000000E+00  3.390000E+01
              572  2.000000E+02  0.000000E+00  3.390000E+01
              573  2.200000E+02  0.000000E+00  3.390000E+01
              574  2.400000E+02  0.000000E+00  3.390000E+01
              575  2.600000E+02  0.000000E+00  3.390000E+01
              576  2.800000E+02  0.000000E+00  3.390000E+01
              577  3.000000E+02  0.000000E+00  3.390000E+01
              578  3.200000E+02  0.000000E+00  3.390000E+01
              579  3.400000E+02  0.000000E+00  3.390000E+01
              580  3.600000E+02  0.000000E+00  3.390000E+01
              581  3.800000E+02  0.000000E+00  3.390000E+01
              582  4.000000E+02  0.000000E+00  3.390000E+01
              583  4.200000E+02  0.000000E+00  3.390000E+01
              584  4.400000E+02  0.000000E+00  3.390000E+01
              585  4.600000E+02  0.000000E+00  3.390000E+01
              586  4.800000E+02  0.000000E+00  3.390000E+01
              587  5.000000E+02  0.000000E+00  3.390000E+01
              588  5.200000E+02  0.000000E+00  3.390000E+01
              589  5.400000E+02  0.000000E+00  3.390000E+01
              590  5.600000E+02  0.000000E+00  3.390000E+01
              591  5.800000E+02  0.000000E+00  3.390000E+01
              592  6.000000E+02  0.000000E+00  3.390000E+01
              593  6.200000E+02  0.000000E+00  3.390000E+01
              594  6.400000E+02  0.000000E+00  3.390000E+01
              595  6.600000E+02  0.000000E+00  3.390000E+01
              596  6.800000E+02  0.000000E+00  3.390000E+01
              597  7.000000E+02  0.000000E+00  3.390000E+01
              598  7.200000E+02  0.000000E+00  3.390000E+01
              599  7.400000E+02  0.000000E+00  3.390000E+01
              600  7.600000E+02  0.000000E+00  3.390000E+01
              601  7.800000E+02  0.000000E+00  3.390000E+01
              602  8.000000E+02  0.000000E+00  3.390000E+01
              603  8.200000E+02  0.000000E+00  3.390000E+01
              604  8.400000E+02  0.000000E+00  3.390000E+01
              605  8.600000E+02  0.000000E+00  3.390000E+01
              606  8.800000E+02  0.000000E+00  3.390000E+01
              607  9.000000E+02  0.000000E+00  3.390000E+01
              608  9.200000E+02  0.000000E+00  3.390000E+01
              609  9.400000E+02  0.000000E+00  3.390000E+01
              610  9.600000E+02  0.000000E+00  3.390000E+01
              611  9.800000E+02  0.000000E+00  3.390000E+01
              612  1.000000E+03  0.000000E+00  3.390000E+01
              613  1.020000E+03  0.000000E+00  3.390000E+01
              614  1.040000E+03  0.000000E+00  3.390000E+01
              615  1.060000E+03  0.000000E+00  3.390000E+01
              616  1.080000E+03  0.000000E+00  3.390000E+01
              617  1.100000E+03 -1.160000E+01  0.000000E+00
!
      $PART  NAME = STRINGER
       STRINGER
!
   $END STRUCTURE
!------
   $SYSTEM  NAME = S_STEP_1
!
      $GEODAT SHELL     CONT = THICK      NODES = ALL
       GD_STRINGER   1.000000E+00
!
      $ELPROP
       STRINGER      GEODAT = GD_STRINGER   MATERIAL = ALUMINUM
!
   $END SYSTEM
!------
   $CONSTRAINTS  NAME = C_STEP_1
!
      $SUPPRESS  LINENODE  DOFS = 1,2,3,4,5,6  DOFTYPE = DISP
       CLAMPED
!
   $END CONSTRAINTS
!------
   $LOADING  NAME = L_STEP_1
!
      $CONLOAD  LPAT = 1  DOFTYPE = DISP
       SHEAR_CENTER 3: -3.924000E+01
!
   $END LOADING
!------
$EXIT COMPONENT
!------------------------------------
$ENTER MATERIAL
!------
   $MATERIAL  NAME = ALUMINUM  TYPE = ISO
!
      $ELASTIC  GENERAL  INPUT = DATA
        7.000000E+04  3.000000E-01
!
      $DENSITY  GENERAL  INPUT = DATA
        2.700000E-09
!
   $END MATERIAL
!------
$EXIT MATERIAL
!------------------------------------
$FIN
