$ENTER COMPONENT  NAME = DFLT_COMP  DOFTYPE = DISP MATH
!------
   $STRUCTURE
!
      $SURFACE ELEMENTS  LABEL = CLAMPED  SYSTEM = LOCAL
                1          1
               35          1
               69          1
              103          1
              137          1
              171          1
              205          1
              239          1
              273          1
              307          1
              341          1
              375          1
              409          1
              443          1
              477          1
              511          1
              545          1
              579          1
              613          1
              647          1
              681          1
              715          1
              749          1
              783          1
              817          1
              851          1
              885          1
              919          1
              953          1
              987          1
             1021          1
             1055          1
             1089          1
             1123          1
             1157          1
             1191          1
             1225          1
             1259          1
             1293          1
             1327          1
             1361          1
             1395          1
             1429          1
             1463          1
             1497          1
             1531          1
             1565          1
             1599          1
             1633          1
             1667          1
             1701          1
             1735          1
             1769          1
             1803          1
             1837          1
             1871          1
             1905          1
             1939          1
             1973          1
             2007          1
             2041          1
             2075          1
             2109          1
             2143          1
             2177          1
             2211          1
             2245          1
             2279          1
             2313          1
             2347          1
             2381          1
             2415          1
             2449          1
             2483          1
             2517          1
             2551          1
             2585          1
             2619          1
             2653          1
             2687          1
             2721          1
             2755          1
             2789          1
             2823          1
             2857          1
             2891          1
             2925          1
             2959          1
             2993          1
             3027          1
             3061          1
             3095          1
             3129          1
             3163          1
             3197          1
             3231          1
             3265          1
             3299          1
             3333          1
             3367          1
             3401          1
             3435          1
             3469          1
             3503          1
             3537          1
             3571          1
             3605          1
             3639          1
             3673          1
             3707          1
             3741          1
             3775          1
             3809          1
             3843          1
             3877          1
             3911          1
             3945          1
             3979          1
             4013          1
             4047          1
             4081          1
             4115          1
             4149          1
             4183          1
             4217          1
             4251          1
             4285          1
             4319          1
             4353          1
             4387          1
             4421          1
             4455          1
             4489          1
             4523          1
             4557          1
             4591          1
             4625          1
             4659          1
             4693          1
             4727          1
             4761          1
             4795          1
             4829          1
             4863          1
             4897          1
             4931          1
             4965          1
             4999          1
             5033          1
             5067          1
             5101          1
             5135          1
             5169          1
             5203          1
             5237          1
             5271          1
             5305          1
             5339          1
             5373          1
             5407          1
             5441          1
             5475          1
             5509          1
             5543          1
             5577          1
             5611          1
             5645          1
             5679          1
             5713          1
             5747          1
             5781          1
             5815          1
             5849          1
             5883          1
             5917          1
             5951          1
             5985          1
             6019          1
             6053          1
             6087          1
             6121          1
             6155          1
             6189          1
             6223          1
             6257          1
             6291          1
             6325          1
             6359          1
             6393          1
             6427          1
             6461          1
             6495          1
             6529          1
             6563          1
             6597          1
             6631          1
             6665          1
             6699          1
             6733          1
             6767          1
             6801          1
             6835          1
             6869          1
             6903          1
             6937          1
             6971          1
             7005          1
             7039          1
             7073          1
             7107          1
             7141          1
             7175          1
             7209          1
             7243          1
             7277          1
             7311          1
             7345          1
             7379          1
             7413          1
             7447          1
             7481          1
             7515          1
             7549          1
             7583          1
             7617          1
             7651          1
             7685          1
             7719          1
             7753          1
             7787          1
             7821          1
             7855          1
             7889          1
             7923          1
             7957          1
             7991          1
             8025          1
             8059          1
             8093          1
             8127          1
             8161          1
             8195          1
             8229          1
             8263          1
             8297          1
             8331          1
             8365          1
             8399          1
             8433          1
             8467          1
             8501          1
             8535          1
             8569          1
             8603          1
             8637          1
             8671          1
             8705          1
             8739          1
             8773          1
             8807          1
             8841          1
             8875          1
             8909          1
             8943          1
             8977          1
             9011          1
             9045          1
             9079          1
             9113          1
             9147          1
             9181          1
             9215          1
             9249          1
             9283          1
             9317          1
             9351          1
             9385          1
             9419          1
             9453          1
             9487          1
             9521          1
             9555          1
             9589          1
             9623          1
             9657          1
             9691          1
             9725          1
             9759          1
             9793          1
             9827          1
             9861          1
             9895          1
             9929          1
             9963          1
             9997          1
            10031          1
            10065          1
            10099          1
            10133          1
            10167          1
            10201          1
            10235          1
            10269          1
            10303          1
            10337          1
            10371          1
            10405          1
            10439          1
            10473          1
            10507          1
            10541          1
            10575          1
            10609          1
            10643          1
            10677          1
            10711          1
            10745          1
            10779          1
            10813          1
            10847          1
            10881          1
            10915          1
            10949          1
            10983          1
            11017          1
            11051          1
            11085          1
            11119          1
            11153          1
            11187          1
            11221          1
            11255          1
            11289          1
            11323          1
            11357          1
            11391          1
            11425          1
            11459          1
            11493          1
            11527          1
            11561          1
            11595          1
            11629          1
            11663          1
            11697          1
            11731          1
            11765          1
            11799          1
            11833          1
            11867          1
            11901          1
            11935          1
            11969          1
            12003          1
            12037          1
            12071          1
            12105          1
            12139          1
            12173          1
            12207          1
            12241          1
            12275          1
            12309          1
            12343          1
            12377          1
            12411          1
            12445          1
            12479          1
            12513          1
            12547          1
            12581          1
            12615          1
            12649          1
            12683          1
            12717          1
            12751          1
            12785          1
            12819          1
            12853          1
            12887          1
            12921          1
            12955          1
            12989          1
            13023          1
            13057          1
            13091          1
            13125          1
            13159          1
            13193          1
            13227          1
            13261          1
            13295          1
            13329          1
            13363          1
            13397          1
            13431          1
            13465          1
            13499          1
            13533          1
            13567          1
!
      $NSET NAME = F
              113
!
   $END STRUCTURE
!------
   $SYSTEM  NAME = S_STEP_1
!
      $ELPROP
       BEAM          MATERIAL = MAT_01
!
   $END SYSTEM
!------
   $CONSTRAINTS  NAME = C_STEP_1
!
      $SUPPRESS  SURFNODE  DOFS = 1,2,3  DOFTYPE = DISP
       CLAMPED
!
   $END CONSTRAINTS
!------
   $LOADING  NAME = L_STEP_1
!
      $CONLOAD  LPAT = 1  DOFTYPE = DISP
       F            2: -1.000000E+00
!
   $END LOADING
!------
$EXIT COMPONENT
!------------------------------------
$ENTER MATERIAL
!------
   $MATERIAL  NAME = MAT_01  TYPE = ISO
!
      $DENSITY
        1.E-09
!
      $ELASTIC  GENERAL  INPUT = DATA
        1.000000E+03  3.000000E-01
!
   $END MATERIAL
!------
$EXIT MATERIAL
!------------------------------------
$FIN
