$ENTER COMPONENT  NAME = DFLT_COMP  DOFTYPE = DISP MATH
!------
   $SITUATION  NAME = STEP_0
      DFLT_COMP  CONSTRAINTS = C_STEP_1  SYSTEM = S_STEP_1  LOADING = L_STEP_0
   $END SITUATION

   $SITUATION  NAME = STEP_1
      DFLT_COMP  CONSTRAINTS = C_STEP_1  SYSTEM = S_STEP_1
   $END SITUATION
!
   $SITUATION  NAME = STEP_2  PARENT = STEP_1
      DFLT_COMP  SYSTEM = S_STEP_1  LOADING = L_STEP_2
   $END SITUATION
!
   $STRUCTURE
! 
      $NSET NAME = A
            8
!
      $ELEMENT TYPE = QUAD4
                1          2         14        141         52
                2         52        141        142         53
                3         53        142        143         54
                4         54        143        144         55
                5         55        144        145         56
                6         56        145        146         57
                7         57        146        147         58
                8         58        147        148         59
                9         59        148        149         60
               10         60        149        150         61
               11         61        150        151         62
               12         62        151        152         63
               13         63        152        153         64
               14         64        153        154         65
               15         65        154        155         66
               16         66        155        156         67
               17         67        156        157         68
               18         68        157        158         69
               19         69        158        159         70
               20         70        159        160         71
               21         71        160        161         72
               22         72        161        162         73
               23         73        162        163         74
               24         74        163        121          6
               25         14         15        164        141
               26        141        164        165        142
               27        142        165        166        143
               28        143        166        167        144
               29        144        167        168        145
               30        145        168        169        146
               31        146        169        170        147
               32        147        170        171        148
               33        148        171        172        149
               34        149        172        173        150
               35        150        173        174        151
               36        151        174        175        152
               37        152        175        176        153
               38        153        176        177        154
               39        154        177        178        155
               40        155        178        179        156
               41        156        179        180        157
               42        157        180        181        158
               43        158        181        182        159
               44        159        182        183        160
               45        160        183        184        161
               46        161        184        185        162
               47        162        185        186        163
               48        163        186        122        121
               49         15         16        187        164
               50        164        187        188        165
               51        165        188        189        166
               52        166        189        190        167
               53        167        190        191        168
               54        168        191        192        169
               55        169        192        193        170
               56        170        193        194        171
               57        171        194        195        172
               58        172        195        196        173
               59        173        196        197        174
               60        174        197        198        175
               61        175        198        199        176
               62        176        199        200        177
               63        177        200        201        178
               64        178        201        202        179
               65        179        202        203        180
               66        180        203        204        181
               67        181        204        205        182
               68        182        205        206        183
               69        183        206        207        184
               70        184        207        208        185
               71        185        208        209        186
               72        186        209        123        122
               73         16         17        210        187
               74        187        210        211        188
               75        188        211        212        189
               76        189        212        213        190
               77        190        213        214        191
               78        191        214        215        192
               79        192        215        216        193
               80        193        216        217        194
               81        194        217        218        195
               82        195        218        219        196
               83        196        219        220        197
               84        197        220        221        198
               85        198        221        222        199
               86        199        222        223        200
               87        200        223        224        201
               88        201        224        225        202
               89        202        225        226        203
               90        203        226        227        204
               91        204        227        228        205
               92        205        228        229        206
               93        206        229        230        207
               94        207        230        231        208
               95        208        231        232        209
               96        209        232        124        123
               97         17         18        233        210
               98        210        233        234        211
               99        211        234        235        212
              100        212        235        236        213
              101        213        236        237        214
              102        214        237        238        215
              103        215        238        239        216
              104        216        239        240        217
              105        217        240        241        218
              106        218        241        242        219
              107        219        242        243        220
              108        220        243        244        221
              109        221        244        245        222
              110        222        245        246        223
              111        223        246        247        224
              112        224        247        248        225
              113        225        248        249        226
              114        226        249        250        227
              115        227        250        251        228
              116        228        251        252        229
              117        229        252        253        230
              118        230        253        254        231
              119        231        254        255        232
              120        232        255        125        124
              121         18          3         29        233
              122        233         29         30        234
              123        234         30         31        235
              124        235         31         32        236
              125        236         32         33        237
              126        237         33         34        238
              127        238         34         35        239
              128        239         35         36        240
              129        240         36         37        241
              130        241         37         38        242
              131        242         38         39        243
              132        243         39         40        244
              133        244         40         41        245
              134        245         41         42        246
              135        246         42         43        247
              136        247         43         44        248
              137        248         44         45        249
              138        249         45         46        250
              139        250         46         47        251
              140        251         47         48        252
              141        252         48         49        253
              142        253         49         50        254
              143        254         50         51        255
              144        255         51          5        125
              145          3         19        256         29
              146         29        256        257         30
              147         30        257        258         31
              148         31        258        259         32
              149         32        259        260         33
              150         33        260        261         34
              151         34        261        262         35
              152         35        262        263         36
              153         36        263        264         37
              154         37        264        265         38
              155         38        265        266         39
              156         39        266        267         40
              157         40        267        268         41
              158         41        268        269         42
              159         42        269        270         43
              160         43        270        271         44
              161         44        271        272         45
              162         45        272        273         46
              163         46        273        274         47
              164         47        274        275         48
              165         48        275        276         49
              166         49        276        277         50
              167         50        277        278         51
              168         51        278        126          5
              169         19         20        279        256
              170        256        279        280        257
              171        257        280        281        258
              172        258        281        282        259
              173        259        282        283        260
              174        260        283        284        261
              175        261        284        285        262
              176        262        285        286        263
              177        263        286        287        264
              178        264        287        288        265
              179        265        288        289        266
              180        266        289        290        267
              181        267        290        291        268
              182        268        291        292        269
              183        269        292        293        270
              184        270        293        294        271
              185        271        294        295        272
              186        272        295        296        273
              187        273        296        297        274
              188        274        297        298        275
              189        275        298        299        276
              190        276        299        300        277
              191        277        300        301        278
              192        278        301        127        126
              193         20         21        302        279
              194        279        302        303        280
              195        280        303        304        281
              196        281        304        305        282
              197        282        305        306        283
              198        283        306        307        284
              199        284        307        308        285
              200        285        308        309        286
              201        286        309        310        287
              202        287        310        311        288
              203        288        311        312        289
              204        289        312        313        290
              205        290        313        314        291
              206        291        314        315        292
              207        292        315        316        293
              208        293        316        317        294
              209        294        317        318        295
              210        295        318        319        296
              211        296        319        320        297
              212        297        320        321        298
              213        298        321        322        299
              214        299        322        323        300
              215        300        323        324        301
              216        301        324        128        127
              217         21         22        325        302
              218        302        325        326        303
              219        303        326        327        304
              220        304        327        328        305
              221        305        328        329        306
              222        306        329        330        307
              223        307        330        331        308
              224        308        331        332        309
              225        309        332        333        310
              226        310        333        334        311
              227        311        334        335        312
              228        312        335        336        313
              229        313        336        337        314
              230        314        337        338        315
              231        315        338        339        316
              232        316        339        340        317
              233        317        340        341        318
              234        318        341        342        319
              235        319        342        343        320
              236        320        343        344        321
              237        321        344        345        322
              238        322        345        346        323
              239        323        346        347        324
              240        324        347        129        128
              241         22         23        348        325
              242        325        348        349        326
              243        326        349        350        327
              244        327        350        351        328
              245        328        351        352        329
              246        329        352        353        330
              247        330        353        354        331
              248        331        354        355        332
              249        332        355        356        333
              250        333        356        357        334
              251        334        357        358        335
              252        335        358        359        336
              253        336        359        360        337
              254        337        360        361        338
              255        338        361        362        339
              256        339        362        363        340
              257        340        363        364        341
              258        341        364        365        342
              259        342        365        366        343
              260        343        366        367        344
              261        344        367        368        345
              262        345        368        369        346
              263        346        369        370        347
              264        347        370        130        129
              265         23          4         75        348
              266        348         75         76        349
              267        349         76         77        350
              268        350         77         78        351
              269        351         78         79        352
              270        352         79         80        353
              271        353         80         81        354
              272        354         81         82        355
              273        355         82         83        356
              274        356         83         84        357
              275        357         84         85        358
              276        358         85         86        359
              277        359         86         87        360
              278        360         87         88        361
              279        361         88         89        362
              280        362         89         90        363
              281        363         90         91        364
              282        364         91         92        365
              283        365         92         93        366
              284        366         93         94        367
              285        367         94         95        368
              286        368         95         96        369
              287        369         96         97        370
              288        370         97          7        130
              289          1          9        371         98
              290         98        371        372         99
              291         99        372        373        100
              292        100        373        374        101
              293        101        374        375        102
              294        102        375        376        103
              295        103        376        377        104
              296        104        377        378        105
              297        105        378        379        106
              298        106        379        380        107
              299        107        380        381        108
              300        108        381        382        109
              301        109        382        383        110
              302        110        383        384        111
              303        111        384        385        112
              304        112        385        386        113
              305        113        386        387        114
              306        114        387        388        115
              307        115        388        389        116
              308        116        389        390        117
              309        117        390        391        118
              310        118        391        392        119
              311        119        392        393        120
              312        120        393        131          8
              313          9         10        394        371
              314        371        394        395        372
              315        372        395        396        373
              316        373        396        397        374
              317        374        397        398        375
              318        375        398        399        376
              319        376        399        400        377
              320        377        400        401        378
              321        378        401        402        379
              322        379        402        403        380
              323        380        403        404        381
              324        381        404        405        382
              325        382        405        406        383
              326        383        406        407        384
              327        384        407        408        385
              328        385        408        409        386
              329        386        409        410        387
              330        387        410        411        388
              331        388        411        412        389
              332        389        412        413        390
              333        390        413        414        391
              334        391        414        415        392
              335        392        415        416        393
              336        393        416        132        131
              337         10         11        417        394
              338        394        417        418        395
              339        395        418        419        396
              340        396        419        420        397
              341        397        420        421        398
              342        398        421        422        399
              343        399        422        423        400
              344        400        423        424        401
              345        401        424        425        402
              346        402        425        426        403
              347        403        426        427        404
              348        404        427        428        405
              349        405        428        429        406
              350        406        429        430        407
              351        407        430        431        408
              352        408        431        432        409
              353        409        432        433        410
              354        410        433        434        411
              355        411        434        435        412
              356        412        435        436        413
              357        413        436        437        414
              358        414        437        438        415
              359        415        438        439        416
              360        416        439        133        132
              361         11         12        440        417
              362        417        440        441        418
              363        418        441        442        419
              364        419        442        443        420
              365        420        443        444        421
              366        421        444        445        422
              367        422        445        446        423
              368        423        446        447        424
              369        424        447        448        425
              370        425        448        449        426
              371        426        449        450        427
              372        427        450        451        428
              373        428        451        452        429
              374        429        452        453        430
              375        430        453        454        431
              376        431        454        455        432
              377        432        455        456        433
              378        433        456        457        434
              379        434        457        458        435
              380        435        458        459        436
              381        436        459        460        437
              382        437        460        461        438
              383        438        461        462        439
              384        439        462        134        133
              385         12         13        463        440
              386        440        463        464        441
              387        441        464        465        442
              388        442        465        466        443
              389        443        466        467        444
              390        444        467        468        445
              391        445        468        469        446
              392        446        469        470        447
              393        447        470        471        448
              394        448        471        472        449
              395        449        472        473        450
              396        450        473        474        451
              397        451        474        475        452
              398        452        475        476        453
              399        453        476        477        454
              400        454        477        478        455
              401        455        478        479        456
              402        456        479        480        457
              403        457        480        481        458
              404        458        481        482        459
              405        459        482        483        460
              406        460        483        484        461
              407        461        484        485        462
              408        462        485        135        134
              409         13          2         52        463
              410        463         52         53        464
              411        464         53         54        465
              412        465         54         55        466
              413        466         55         56        467
              414        467         56         57        468
              415        468         57         58        469
              416        469         58         59        470
              417        470         59         60        471
              418        471         60         61        472
              419        472         61         62        473
              420        473         62         63        474
              421        474         63         64        475
              422        475         64         65        476
              423        476         65         66        477
              424        477         66         67        478
              425        478         67         68        479
              426        479         68         69        480
              427        480         69         70        481
              428        481         70         71        482
              429        482         71         72        483
              430        483         72         73        484
              431        484         73         74        485
              432        485         74          6        135
              433          4         24        486         75
              434         75        486        487         76
              435         76        487        488         77
              436         77        488        489         78
              437         78        489        490         79
              438         79        490        491         80
              439         80        491        492         81
              440         81        492        493         82
              441         82        493        494         83
              442         83        494        495         84
              443         84        495        496         85
              444         85        496        497         86
              445         86        497        498         87
              446         87        498        499         88
              447         88        499        500         89
              448         89        500        501         90
              449         90        501        502         91
              450         91        502        503         92
              451         92        503        504         93
              452         93        504        505         94
              453         94        505        506         95
              454         95        506        507         96
              455         96        507        508         97
              456         97        508        136          7
              457         24         25        509        486
              458        486        509        510        487
              459        487        510        511        488
              460        488        511        512        489
              461        489        512        513        490
              462        490        513        514        491
              463        491        514        515        492
              464        492        515        516        493
              465        493        516        517        494
              466        494        517        518        495
              467        495        518        519        496
              468        496        519        520        497
              469        497        520        521        498
              470        498        521        522        499
              471        499        522        523        500
              472        500        523        524        501
              473        501        524        525        502
              474        502        525        526        503
              475        503        526        527        504
              476        504        527        528        505
              477        505        528        529        506
              478        506        529        530        507
              479        507        530        531        508
              480        508        531        137        136
              481         25         26        532        509
              482        509        532        533        510
              483        510        533        534        511
              484        511        534        535        512
              485        512        535        536        513
              486        513        536        537        514
              487        514        537        538        515
              488        515        538        539        516
              489        516        539        540        517
              490        517        540        541        518
              491        518        541        542        519
              492        519        542        543        520
              493        520        543        544        521
              494        521        544        545        522
              495        522        545        546        523
              496        523        546        547        524
              497        524        547        548        525
              498        525        548        549        526
              499        526        549        550        527
              500        527        550        551        528
              501        528        551        552        529
              502        529        552        553        530
              503        530        553        554        531
              504        531        554        138        137
              505         26         27        555        532
              506        532        555        556        533
              507        533        556        557        534
              508        534        557        558        535
              509        535        558        559        536
              510        536        559        560        537
              511        537        560        561        538
              512        538        561        562        539
              513        539        562        563        540
              514        540        563        564        541
              515        541        564        565        542
              516        542        565        566        543
              517        543        566        567        544
              518        544        567        568        545
              519        545        568        569        546
              520        546        569        570        547
              521        547        570        571        548
              522        548        571        572        549
              523        549        572        573        550
              524        550        573        574        551
              525        551        574        575        552
              526        552        575        576        553
              527        553        576        577        554
              528        554        577        139        138
              529         27         28        578        555
              530        555        578        579        556
              531        556        579        580        557
              532        557        580        581        558
              533        558        581        582        559
              534        559        582        583        560
              535        560        583        584        561
              536        561        584        585        562
              537        562        585        586        563
              538        563        586        587        564
              539        564        587        588        565
              540        565        588        589        566
              541        566        589        590        567
              542        567        590        591        568
              543        568        591        592        569
              544        569        592        593        570
              545        570        593        594        571
              546        571        594        595        572
              547        572        595        596        573
              548        573        596        597        574
              549        574        597        598        575
              550        575        598        599        576
              551        576        599        600        577
              552        577        600        140        139
              553         28          1         98        578
              554        578         98         99        579
              555        579         99        100        580
              556        580        100        101        581
              557        581        101        102        582
              558        582        102        103        583
              559        583        103        104        584
              560        584        104        105        585
              561        585        105        106        586
              562        586        106        107        587
              563        587        107        108        588
              564        588        108        109        589
              565        589        109        110        590
              566        590        110        111        591
              567        591        111        112        592
              568        592        112        113        593
              569        593        113        114        594
              570        594        114        115        595
              571        595        115        116        596
              572        596        116        117        597
              573        597        117        118        598
              574        598        118        119        599
              575        599        119        120        600
              576        600        120          8        140
!
      $SURFACE ELEMENTS  LABEL = LOAD  SYSTEM = LOCAL
              289
              290
              291
              292
              293
              294
              295
              296
              297
              298
              299
              300
              301
              302
              303
              304
              305
              306
              307
              308
              309
              310
              311
              312
              313
              314
              315
              316
              317
              318
              319
              320
              321
              322
              323
              324
              325
              326
              327
              328
              329
              330
              331
              332
              333
              334
              335
              336
              337
              338
              339
              340
              341
              342
              343
              344
              345
              346
              347
              348
              349
              350
              351
              352
              353
              354
              355
              356
              357
              358
              359
              360
              361
              362
              363
              364
              365
              366
              367
              368
              369
              370
              371
              372
              373
              374
              375
              376
              377
              378
              379
              380
              381
              382
              383
              384
              385
              386
              387
              388
              389
              390
              391
              392
              393
              394
              395
              396
              397
              398
              399
              400
              401
              402
              403
              404
              405
              406
              407
              408
              409
              410
              411
              412
              413
              414
              415
              416
              417
              418
              419
              420
              421
              422
              423
              424
              425
              426
              427
              428
              429
              430
              431
              432
              433
              434
              435
              436
              437
              438
              439
              440
              441
              442
              443
              444
              445
              446
              447
              448
              449
              450
              451
              452
              453
              454
              455
              456
              457
              458
              459
              460
              461
              462
              463
              464
              465
              466
              467
              468
              469
              470
              471
              472
              473
              474
              475
              476
              477
              478
              479
              480
              481
              482
              483
              484
              485
              486
              487
              488
              489
              490
              491
              492
              493
              494
              495
              496
              497
              498
              499
              500
              501
              502
              503
              504
              505
              506
              507
              508
              509
              510
              511
              512
              513
              514
              515
              516
              517
              518
              519
              520
              521
              522
              523
              524
              525
              526
              527
              528
              529
              530
              531
              532
              533
              534
              535
              536
              537
              538
              539
              540
              541
              542
              543
              544
              545
              546
              547
              548
              549
              550
              551
              552
              553
              554
              555
              556
              557
              558
              559
              560
              561
              562
              563
              564
              565
              566
              567
              568
              569
              570
              571
              572
              573
              574
              575
              576
!
      $LINE GEO  LNID = CLAMPED
       SFLA2          1          9
       SFLA2         28          1
       SFLA2         13          2
       SFLA2          2         14
       SFLA2         18          3
       SFLA2          3         19
       SFLA2         23          4
       SFLA2          4         24
       SFLA2          9         10
       SFLA2         10         11
       SFLA2         11         12
       SFLA2         12         13
       SFLA2         14         15
       SFLA2         15         16
       SFLA2         16         17
       SFLA2         17         18
       SFLA2         19         20
       SFLA2         20         21
       SFLA2         21         22
       SFLA2         22         23
       SFLA2         24         25
       SFLA2         25         26
       SFLA2         26         27
       SFLA2         27         28
      $LINE GEO  LNID = SECTION_A
       SFLA2          6        135
       SFLA2        136          7
       SFLA2        131          8
       SFLA2          8        140
       SFLA2        132        131
       SFLA2        133        132
       SFLA2        134        133
       SFLA2        135        134
       SFLA2        137        136
       SFLA2        138        137
       SFLA2        139        138
       SFLA2        140        139
!
      $ESET NAME = CYLINDER
                1          2          3          4          5          6          7          8          9         10         11         12         13         14
               15         16         17         18         19         20         21         22         23         24         25         26         27         28
               29         30         31         32         33         34         35         36         37         38         39         40         41         42
               43         44         45         46         47         48         49         50         51         52         53         54         55         56
               57         58         59         60         61         62         63         64         65         66         67         68         69         70
               71         72         73         74         75         76         77         78         79         80         81         82         83         84
               85         86         87         88         89         90         91         92         93         94         95         96         97         98
               99        100        101        102        103        104        105        106        107        108        109        110        111        112
              113        114        115        116        117        118        119        120        121        122        123        124        125        126
              127        128        129        130        131        132        133        134        135        136        137        138        139        140
              141        142        143        144        145        146        147        148        149        150        151        152        153        154
              155        156        157        158        159        160        161        162        163        164        165        166        167        168
              169        170        171        172        173        174        175        176        177        178        179        180        181        182
              183        184        185        186        187        188        189        190        191        192        193        194        195        196
              197        198        199        200        201        202        203        204        205        206        207        208        209        210
              211        212        213        214        215        216        217        218        219        220        221        222        223        224
              225        226        227        228        229        230        231        232        233        234        235        236        237        238
              239        240        241        242        243        244        245        246        247        248        249        250        251        252
              253        254        255        256        257        258        259        260        261        262        263        264        265        266
              267        268        269        270        271        272        273        274        275        276        277        278        279        280
              281        282        283        284        285        286        287        288        289        290        291        292        293        294
              295        296        297        298        299        300        301        302        303        304        305        306        307        308
              309        310        311        312        313        314        315        316        317        318        319        320        321        322
              323        324        325        326        327        328        329        330        331        332        333        334        335        336
              337        338        339        340        341        342        343        344        345        346        347        348        349        350
              351        352        353        354        355        356        357        358        359        360        361        362        363        364
              365        366        367        368        369        370        371        372        373        374        375        376        377        378
              379        380        381        382        383        384        385        386        387        388        389        390        391        392
              393        394        395        396        397        398        399        400        401        402        403        404        405        406
              407        408        409        410        411        412        413        414        415        416        417        418        419        420
              421        422        423        424        425        426        427        428        429        430        431        432        433        434
              435        436        437        438        439        440        441        442        443        444        445        446        447        448
              449        450        451        452        453        454        455        456        457        458        459        460        461        462
              463        464        465        466        467        468        469        470        471        472        473        474        475        476
              477        478        479        480        481        482        483        484        485        486        487        488        489        490
              491        492        493        494        495        496        497        498        499        500        501        502        503        504
              505        506        507        508        509        510        511        512        513        514        515        516        517        518
              519        520        521        522        523        524        525        526        527        528        529        530        531        532
              533        534        535        536        537        538        539        540        541        542        543        544        545        546
              547        548        549        550        551        552        553        554        555        556        557        558        559        560
              561        562        563        564        565        566        567        568        569        570        571        572        573        574
              575        576
      $ESET NAME = SURFACE13
                1          2          3          4          5          6          7          8          9         10         11         12         13         14
               15         16         17         18         19         20         21         22         23         24         25         26         27         28
               29         30         31         32         33         34         35         36         37         38         39         40         41         42
               43         44         45         46         47         48         49         50         51         52         53         54         55         56
               57         58         59         60         61         62         63         64         65         66         67         68         69         70
               71         72         73         74         75         76         77         78         79         80         81         82         83         84
               85         86         87         88         89         90         91         92         93         94         95         96         97         98
               99        100        101        102        103        104        105        106        107        108        109        110        111        112
              113        114        115        116        117        118        119        120        121        122        123        124        125        126
              127        128        129        130        131        132        133        134        135        136        137        138        139        140
              141        142        143        144
      $ESET NAME = SURFACE17
              145        146        147        148        149        150        151        152        153        154        155        156        157        158
              159        160        161        162        163        164        165        166        167        168        169        170        171        172
              173        174        175        176        177        178        179        180        181        182        183        184        185        186
              187        188        189        190        191        192        193        194        195        196        197        198        199        200
              201        202        203        204        205        206        207        208        209        210        211        212        213        214
              215        216        217        218        219        220        221        222        223        224        225        226        227        228
              229        230        231        232        233        234        235        236        237        238        239        240        241        242
              243        244        245        246        247        248        249        250        251        252        253        254        255        256
              257        258        259        260        261        262        263        264        265        266        267        268        269        270
              271        272        273        274        275        276        277        278        279        280        281        282        283        284
              285        286        287        288
      $ESET NAME = SURFACE21
              289        290        291        292        293        294        295        296        297        298        299        300        301        302
              303        304        305        306        307        308        309        310        311        312        313        314        315        316
              317        318        319        320        321        322        323        324        325        326        327        328        329        330
              331        332        333        334        335        336        337        338        339        340        341        342        343        344
              345        346        347        348        349        350        351        352        353        354        355        356        357        358
              359        360        361        362        363        364        365        366        367        368        369        370        371        372
              373        374        375        376        377        378        379        380        381        382        383        384        385        386
              387        388        389        390        391        392        393        394        395        396        397        398        399        400
              401        402        403        404        405        406        407        408        409        410        411        412        413        414
              415        416        417        418        419        420        421        422        423        424        425        426        427        428
              429        430        431        432
      $ESET NAME = SURFACE25
              433        434        435        436        437        438        439        440        441        442        443        444        445        446
              447        448        449        450        451        452        453        454        455        456        457        458        459        460
              461        462        463        464        465        466        467        468        469        470        471        472        473        474
              475        476        477        478        479        480        481        482        483        484        485        486        487        488
              489        490        491        492        493        494        495        496        497        498        499        500        501        502
              503        504        505        506        507        508        509        510        511        512        513        514        515        516
              517        518        519        520        521        522        523        524        525        526        527        528        529        530
              531        532        533        534        535        536        537        538        539        540        541        542        543        544
              545        546        547        548        549        550        551        552        553        554        555        556        557        558
              559        560        561        562        563        564        565        566        567        568        569        570        571        572
              573        574        575        576
!
      $COOR
                1  0.000000E+00  5.000000E-01  0.000000E+00
                2  0.000000E+00  0.000000E+00  5.000000E-01
                3  0.000000E+00 -5.000000E-01  0.000000E+00
                4  0.000000E+00  0.000000E+00 -5.000000E-01
                5  1.200000E+01 -5.000000E-01  0.000000E+00
                6  1.200000E+01  0.000000E+00  5.000000E-01
                7  1.200000E+01  0.000000E+00 -5.000000E-01
                8  1.200000E+01  5.000000E-01  0.000000E+00
                9  0.000000E+00  4.829629E-01  1.294095E-01
               10  0.000000E+00  4.330127E-01  2.500000E-01
               11  0.000000E+00  3.535534E-01  3.535534E-01
               12  0.000000E+00  2.500000E-01  4.330127E-01
               13  0.000000E+00  1.294095E-01  4.829629E-01
               14  0.000000E+00 -1.294095E-01  4.829629E-01
               15  0.000000E+00 -2.500000E-01  4.330127E-01
               16  0.000000E+00 -3.535534E-01  3.535534E-01
               17  0.000000E+00 -4.330127E-01  2.500000E-01
               18  0.000000E+00 -4.829629E-01  1.294095E-01
               19  0.000000E+00 -4.829629E-01 -1.294095E-01
               20  0.000000E+00 -4.330127E-01 -2.500000E-01
               21  0.000000E+00 -3.535534E-01 -3.535534E-01
               22  0.000000E+00 -2.500000E-01 -4.330127E-01
               23  0.000000E+00 -1.294095E-01 -4.829629E-01
               24  0.000000E+00  1.294095E-01 -4.829629E-01
               25  0.000000E+00  2.500000E-01 -4.330127E-01
               26  0.000000E+00  3.535534E-01 -3.535534E-01
               27  0.000000E+00  4.330127E-01 -2.500000E-01
               28  0.000000E+00  4.829629E-01 -1.294095E-01
               29  5.000000E-01 -5.000000E-01  0.000000E+00
               30  1.000000E+00 -5.000000E-01  0.000000E+00
               31  1.500000E+00 -5.000000E-01  0.000000E+00
               32  2.000000E+00 -5.000000E-01  0.000000E+00
               33  2.500000E+00 -5.000000E-01  0.000000E+00
               34  3.000000E+00 -5.000000E-01  0.000000E+00
               35  3.500000E+00 -5.000000E-01  0.000000E+00
               36  4.000000E+00 -5.000000E-01  0.000000E+00
               37  4.500000E+00 -5.000000E-01  0.000000E+00
               38  5.000000E+00 -5.000000E-01  0.000000E+00
               39  5.500000E+00 -5.000000E-01  0.000000E+00
               40  6.000000E+00 -5.000000E-01  0.000000E+00
               41  6.500000E+00 -5.000000E-01  0.000000E+00
               42  7.000000E+00 -5.000000E-01  0.000000E+00
               43  7.500000E+00 -5.000000E-01  0.000000E+00
               44  8.000000E+00 -5.000000E-01  0.000000E+00
               45  8.500000E+00 -5.000000E-01  0.000000E+00
               46  9.000000E+00 -5.000000E-01  0.000000E+00
               47  9.500000E+00 -5.000000E-01  0.000000E+00
               48  1.000000E+01 -5.000000E-01  0.000000E+00
               49  1.050000E+01 -5.000000E-01  0.000000E+00
               50  1.100000E+01 -5.000000E-01  0.000000E+00
               51  1.150000E+01 -5.000000E-01  0.000000E+00
               52  5.000000E-01  0.000000E+00  5.000000E-01
               53  1.000000E+00  0.000000E+00  5.000000E-01
               54  1.500000E+00  0.000000E+00  5.000000E-01
               55  2.000000E+00  0.000000E+00  5.000000E-01
               56  2.500000E+00  0.000000E+00  5.000000E-01
               57  3.000000E+00  0.000000E+00  5.000000E-01
               58  3.500000E+00  0.000000E+00  5.000000E-01
               59  4.000000E+00  0.000000E+00  5.000000E-01
               60  4.500000E+00  0.000000E+00  5.000000E-01
               61  5.000000E+00  0.000000E+00  5.000000E-01
               62  5.500000E+00  0.000000E+00  5.000000E-01
               63  6.000000E+00  0.000000E+00  5.000000E-01
               64  6.500000E+00  0.000000E+00  5.000000E-01
               65  7.000000E+00  0.000000E+00  5.000000E-01
               66  7.500000E+00  0.000000E+00  5.000000E-01
               67  8.000000E+00  0.000000E+00  5.000000E-01
               68  8.500000E+00  0.000000E+00  5.000000E-01
               69  9.000000E+00  0.000000E+00  5.000000E-01
               70  9.500000E+00  0.000000E+00  5.000000E-01
               71  1.000000E+01  0.000000E+00  5.000000E-01
               72  1.050000E+01  0.000000E+00  5.000000E-01
               73  1.100000E+01  0.000000E+00  5.000000E-01
               74  1.150000E+01  0.000000E+00  5.000000E-01
               75  5.000000E-01  0.000000E+00 -5.000000E-01
               76  1.000000E+00  0.000000E+00 -5.000000E-01
               77  1.500000E+00  0.000000E+00 -5.000000E-01
               78  2.000000E+00  0.000000E+00 -5.000000E-01
               79  2.500000E+00  0.000000E+00 -5.000000E-01
               80  3.000000E+00  0.000000E+00 -5.000000E-01
               81  3.500000E+00  0.000000E+00 -5.000000E-01
               82  4.000000E+00  0.000000E+00 -5.000000E-01
               83  4.500000E+00  0.000000E+00 -5.000000E-01
               84  5.000000E+00  0.000000E+00 -5.000000E-01
               85  5.500000E+00  0.000000E+00 -5.000000E-01
               86  6.000000E+00  0.000000E+00 -5.000000E-01
               87  6.500000E+00  0.000000E+00 -5.000000E-01
               88  7.000000E+00  0.000000E+00 -5.000000E-01
               89  7.500000E+00  0.000000E+00 -5.000000E-01
               90  8.000000E+00  0.000000E+00 -5.000000E-01
               91  8.500000E+00  0.000000E+00 -5.000000E-01
               92  9.000000E+00  0.000000E+00 -5.000000E-01
               93  9.500000E+00  0.000000E+00 -5.000000E-01
               94  1.000000E+01  0.000000E+00 -5.000000E-01
               95  1.050000E+01  0.000000E+00 -5.000000E-01
               96  1.100000E+01  0.000000E+00 -5.000000E-01
               97  1.150000E+01  0.000000E+00 -5.000000E-01
               98  5.000000E-01  5.000000E-01  0.000000E+00
               99  1.000000E+00  5.000000E-01  0.000000E+00
              100  1.500000E+00  5.000000E-01  0.000000E+00
              101  2.000000E+00  5.000000E-01  0.000000E+00
              102  2.500000E+00  5.000000E-01  0.000000E+00
              103  3.000000E+00  5.000000E-01  0.000000E+00
              104  3.500000E+00  5.000000E-01  0.000000E+00
              105  4.000000E+00  5.000000E-01  0.000000E+00
              106  4.500000E+00  5.000000E-01  0.000000E+00
              107  5.000000E+00  5.000000E-01  0.000000E+00
              108  5.500000E+00  5.000000E-01  0.000000E+00
              109  6.000000E+00  5.000000E-01  0.000000E+00
              110  6.500000E+00  5.000000E-01  0.000000E+00
              111  7.000000E+00  5.000000E-01  0.000000E+00
              112  7.500000E+00  5.000000E-01  0.000000E+00
              113  8.000000E+00  5.000000E-01  0.000000E+00
              114  8.500000E+00  5.000000E-01  0.000000E+00
              115  9.000000E+00  5.000000E-01  0.000000E+00
              116  9.500000E+00  5.000000E-01  0.000000E+00
              117  1.000000E+01  5.000000E-01  0.000000E+00
              118  1.050000E+01  5.000000E-01  0.000000E+00
              119  1.100000E+01  5.000000E-01  0.000000E+00
              120  1.150000E+01  5.000000E-01  0.000000E+00
              121  1.200000E+01 -1.294095E-01  4.829629E-01
              122  1.200000E+01 -2.500000E-01  4.330127E-01
              123  1.200000E+01 -3.535534E-01  3.535534E-01
              124  1.200000E+01 -4.330127E-01  2.500000E-01
              125  1.200000E+01 -4.829629E-01  1.294095E-01
              126  1.200000E+01 -4.829629E-01 -1.294095E-01
              127  1.200000E+01 -4.330127E-01 -2.500000E-01
              128  1.200000E+01 -3.535534E-01 -3.535534E-01
              129  1.200000E+01 -2.500000E-01 -4.330127E-01
              130  1.200000E+01 -1.294095E-01 -4.829629E-01
              131  1.200000E+01  4.829629E-01  1.294095E-01
              132  1.200000E+01  4.330127E-01  2.500000E-01
              133  1.200000E+01  3.535534E-01  3.535534E-01
              134  1.200000E+01  2.500000E-01  4.330127E-01
              135  1.200000E+01  1.294095E-01  4.829629E-01
              136  1.200000E+01  1.294095E-01 -4.829629E-01
              137  1.200000E+01  2.500000E-01 -4.330127E-01
              138  1.200000E+01  3.535534E-01 -3.535534E-01
              139  1.200000E+01  4.330127E-01 -2.500000E-01
              140  1.200000E+01  4.829629E-01 -1.294095E-01
              141  5.000000E-01 -1.294095E-01  4.829629E-01
              142  1.000000E+00 -1.294095E-01  4.829629E-01
              143  1.500000E+00 -1.294095E-01  4.829629E-01
              144  2.000000E+00 -1.294095E-01  4.829629E-01
              145  2.500000E+00 -1.294095E-01  4.829629E-01
              146  3.000000E+00 -1.294095E-01  4.829629E-01
              147  3.500000E+00 -1.294095E-01  4.829629E-01
              148  4.000000E+00 -1.294095E-01  4.829629E-01
              149  4.500000E+00 -1.294095E-01  4.829629E-01
              150  5.000000E+00 -1.294095E-01  4.829629E-01
              151  5.500000E+00 -1.294095E-01  4.829629E-01
              152  6.000000E+00 -1.294095E-01  4.829629E-01
              153  6.500000E+00 -1.294095E-01  4.829629E-01
              154  7.000000E+00 -1.294095E-01  4.829629E-01
              155  7.500000E+00 -1.294095E-01  4.829629E-01
              156  8.000000E+00 -1.294095E-01  4.829629E-01
              157  8.500000E+00 -1.294095E-01  4.829629E-01
              158  9.000000E+00 -1.294095E-01  4.829629E-01
              159  9.500000E+00 -1.294095E-01  4.829629E-01
              160  1.000000E+01 -1.294095E-01  4.829629E-01
              161  1.050000E+01 -1.294095E-01  4.829629E-01
              162  1.100000E+01 -1.294095E-01  4.829629E-01
              163  1.150000E+01 -1.294095E-01  4.829629E-01
              164  5.000000E-01 -2.500000E-01  4.330127E-01
              165  1.000000E+00 -2.500000E-01  4.330127E-01
              166  1.500000E+00 -2.500000E-01  4.330127E-01
              167  2.000000E+00 -2.500000E-01  4.330127E-01
              168  2.500000E+00 -2.500000E-01  4.330127E-01
              169  3.000000E+00 -2.500000E-01  4.330127E-01
              170  3.500000E+00 -2.500000E-01  4.330127E-01
              171  4.000000E+00 -2.500000E-01  4.330127E-01
              172  4.500000E+00 -2.500000E-01  4.330127E-01
              173  5.000000E+00 -2.500000E-01  4.330127E-01
              174  5.500000E+00 -2.500000E-01  4.330127E-01
              175  6.000000E+00 -2.500000E-01  4.330127E-01
              176  6.500000E+00 -2.500000E-01  4.330127E-01
              177  7.000000E+00 -2.500000E-01  4.330127E-01
              178  7.500000E+00 -2.500000E-01  4.330127E-01
              179  8.000000E+00 -2.500000E-01  4.330127E-01
              180  8.500000E+00 -2.500000E-01  4.330127E-01
              181  9.000000E+00 -2.500000E-01  4.330127E-01
              182  9.500000E+00 -2.500000E-01  4.330127E-01
              183  1.000000E+01 -2.500000E-01  4.330127E-01
              184  1.050000E+01 -2.500000E-01  4.330127E-01
              185  1.100000E+01 -2.500000E-01  4.330127E-01
              186  1.150000E+01 -2.500000E-01  4.330127E-01
              187  5.000000E-01 -3.535534E-01  3.535534E-01
              188  1.000000E+00 -3.535534E-01  3.535534E-01
              189  1.500000E+00 -3.535534E-01  3.535534E-01
              190  2.000000E+00 -3.535534E-01  3.535534E-01
              191  2.500000E+00 -3.535534E-01  3.535534E-01
              192  3.000000E+00 -3.535534E-01  3.535534E-01
              193  3.500000E+00 -3.535534E-01  3.535534E-01
              194  4.000000E+00 -3.535534E-01  3.535534E-01
              195  4.500000E+00 -3.535534E-01  3.535534E-01
              196  5.000000E+00 -3.535534E-01  3.535534E-01
              197  5.500000E+00 -3.535534E-01  3.535534E-01
              198  6.000000E+00 -3.535534E-01  3.535534E-01
              199  6.500000E+00 -3.535534E-01  3.535534E-01
              200  7.000000E+00 -3.535534E-01  3.535534E-01
              201  7.500000E+00 -3.535534E-01  3.535534E-01
              202  8.000000E+00 -3.535534E-01  3.535534E-01
              203  8.500000E+00 -3.535534E-01  3.535534E-01
              204  9.000000E+00 -3.535534E-01  3.535534E-01
              205  9.500000E+00 -3.535534E-01  3.535534E-01
              206  1.000000E+01 -3.535534E-01  3.535534E-01
              207  1.050000E+01 -3.535534E-01  3.535534E-01
              208  1.100000E+01 -3.535534E-01  3.535534E-01
              209  1.150000E+01 -3.535534E-01  3.535534E-01
              210  5.000000E-01 -4.330127E-01  2.500000E-01
              211  1.000000E+00 -4.330127E-01  2.500000E-01
              212  1.500000E+00 -4.330127E-01  2.500000E-01
              213  2.000000E+00 -4.330127E-01  2.500000E-01
              214  2.500000E+00 -4.330127E-01  2.500000E-01
              215  3.000000E+00 -4.330127E-01  2.500000E-01
              216  3.500000E+00 -4.330127E-01  2.500000E-01
              217  4.000000E+00 -4.330127E-01  2.500000E-01
              218  4.500000E+00 -4.330127E-01  2.500000E-01
              219  5.000000E+00 -4.330127E-01  2.500000E-01
              220  5.500000E+00 -4.330127E-01  2.500000E-01
              221  6.000000E+00 -4.330127E-01  2.500000E-01
              222  6.500000E+00 -4.330127E-01  2.500000E-01
              223  7.000000E+00 -4.330127E-01  2.500000E-01
              224  7.500000E+00 -4.330127E-01  2.500000E-01
              225  8.000000E+00 -4.330127E-01  2.500000E-01
              226  8.500000E+00 -4.330127E-01  2.500000E-01
              227  9.000000E+00 -4.330127E-01  2.500000E-01
              228  9.500000E+00 -4.330127E-01  2.500000E-01
              229  1.000000E+01 -4.330127E-01  2.500000E-01
              230  1.050000E+01 -4.330127E-01  2.500000E-01
              231  1.100000E+01 -4.330127E-01  2.500000E-01
              232  1.150000E+01 -4.330127E-01  2.500000E-01
              233  5.000000E-01 -4.829629E-01  1.294095E-01
              234  1.000000E+00 -4.829629E-01  1.294095E-01
              235  1.500000E+00 -4.829629E-01  1.294095E-01
              236  2.000000E+00 -4.829629E-01  1.294095E-01
              237  2.500000E+00 -4.829629E-01  1.294095E-01
              238  3.000000E+00 -4.829629E-01  1.294095E-01
              239  3.500000E+00 -4.829629E-01  1.294095E-01
              240  4.000000E+00 -4.829629E-01  1.294095E-01
              241  4.500000E+00 -4.829629E-01  1.294095E-01
              242  5.000000E+00 -4.829629E-01  1.294095E-01
              243  5.500000E+00 -4.829629E-01  1.294095E-01
              244  6.000000E+00 -4.829629E-01  1.294095E-01
              245  6.500000E+00 -4.829629E-01  1.294095E-01
              246  7.000000E+00 -4.829629E-01  1.294095E-01
              247  7.500000E+00 -4.829629E-01  1.294095E-01
              248  8.000000E+00 -4.829629E-01  1.294095E-01
              249  8.500000E+00 -4.829629E-01  1.294095E-01
              250  9.000000E+00 -4.829629E-01  1.294095E-01
              251  9.500000E+00 -4.829629E-01  1.294095E-01
              252  1.000000E+01 -4.829629E-01  1.294095E-01
              253  1.050000E+01 -4.829629E-01  1.294095E-01
              254  1.100000E+01 -4.829629E-01  1.294095E-01
              255  1.150000E+01 -4.829629E-01  1.294095E-01
              256  5.000000E-01 -4.829629E-01 -1.294095E-01
              257  1.000000E+00 -4.829629E-01 -1.294095E-01
              258  1.500000E+00 -4.829629E-01 -1.294095E-01
              259  2.000000E+00 -4.829629E-01 -1.294095E-01
              260  2.500000E+00 -4.829629E-01 -1.294095E-01
              261  3.000000E+00 -4.829629E-01 -1.294095E-01
              262  3.500000E+00 -4.829629E-01 -1.294095E-01
              263  4.000000E+00 -4.829629E-01 -1.294095E-01
              264  4.500000E+00 -4.829629E-01 -1.294095E-01
              265  5.000000E+00 -4.829629E-01 -1.294095E-01
              266  5.500000E+00 -4.829629E-01 -1.294095E-01
              267  6.000000E+00 -4.829629E-01 -1.294095E-01
              268  6.500000E+00 -4.829629E-01 -1.294095E-01
              269  7.000000E+00 -4.829629E-01 -1.294095E-01
              270  7.500000E+00 -4.829629E-01 -1.294095E-01
              271  8.000000E+00 -4.829629E-01 -1.294095E-01
              272  8.500000E+00 -4.829629E-01 -1.294095E-01
              273  9.000000E+00 -4.829629E-01 -1.294095E-01
              274  9.500000E+00 -4.829629E-01 -1.294095E-01
              275  1.000000E+01 -4.829629E-01 -1.294095E-01
              276  1.050000E+01 -4.829629E-01 -1.294095E-01
              277  1.100000E+01 -4.829629E-01 -1.294095E-01
              278  1.150000E+01 -4.829629E-01 -1.294095E-01
              279  5.000000E-01 -4.330127E-01 -2.500000E-01
              280  1.000000E+00 -4.330127E-01 -2.500000E-01
              281  1.500000E+00 -4.330127E-01 -2.500000E-01
              282  2.000000E+00 -4.330127E-01 -2.500000E-01
              283  2.500000E+00 -4.330127E-01 -2.500000E-01
              284  3.000000E+00 -4.330127E-01 -2.500000E-01
              285  3.500000E+00 -4.330127E-01 -2.500000E-01
              286  4.000000E+00 -4.330127E-01 -2.500000E-01
              287  4.500000E+00 -4.330127E-01 -2.500000E-01
              288  5.000000E+00 -4.330127E-01 -2.500000E-01
              289  5.500000E+00 -4.330127E-01 -2.500000E-01
              290  6.000000E+00 -4.330127E-01 -2.500000E-01
              291  6.500000E+00 -4.330127E-01 -2.500000E-01
              292  7.000000E+00 -4.330127E-01 -2.500000E-01
              293  7.500000E+00 -4.330127E-01 -2.500000E-01
              294  8.000000E+00 -4.330127E-01 -2.500000E-01
              295  8.500000E+00 -4.330127E-01 -2.500000E-01
              296  9.000000E+00 -4.330127E-01 -2.500000E-01
              297  9.500000E+00 -4.330127E-01 -2.500000E-01
              298  1.000000E+01 -4.330127E-01 -2.500000E-01
              299  1.050000E+01 -4.330127E-01 -2.500000E-01
              300  1.100000E+01 -4.330127E-01 -2.500000E-01
              301  1.150000E+01 -4.330127E-01 -2.500000E-01
              302  5.000000E-01 -3.535534E-01 -3.535534E-01
              303  1.000000E+00 -3.535534E-01 -3.535534E-01
              304  1.500000E+00 -3.535534E-01 -3.535534E-01
              305  2.000000E+00 -3.535534E-01 -3.535534E-01
              306  2.500000E+00 -3.535534E-01 -3.535534E-01
              307  3.000000E+00 -3.535534E-01 -3.535534E-01
              308  3.500000E+00 -3.535534E-01 -3.535534E-01
              309  4.000000E+00 -3.535534E-01 -3.535534E-01
              310  4.500000E+00 -3.535534E-01 -3.535534E-01
              311  5.000000E+00 -3.535534E-01 -3.535534E-01
              312  5.500000E+00 -3.535534E-01 -3.535534E-01
              313  6.000000E+00 -3.535534E-01 -3.535534E-01
              314  6.500000E+00 -3.535534E-01 -3.535534E-01
              315  7.000000E+00 -3.535534E-01 -3.535534E-01
              316  7.500000E+00 -3.535534E-01 -3.535534E-01
              317  8.000000E+00 -3.535534E-01 -3.535534E-01
              318  8.500000E+00 -3.535534E-01 -3.535534E-01
              319  9.000000E+00 -3.535534E-01 -3.535534E-01
              320  9.500000E+00 -3.535534E-01 -3.535534E-01
              321  1.000000E+01 -3.535534E-01 -3.535534E-01
              322  1.050000E+01 -3.535534E-01 -3.535534E-01
              323  1.100000E+01 -3.535534E-01 -3.535534E-01
              324  1.150000E+01 -3.535534E-01 -3.535534E-01
              325  5.000000E-01 -2.500000E-01 -4.330127E-01
              326  1.000000E+00 -2.500000E-01 -4.330127E-01
              327  1.500000E+00 -2.500000E-01 -4.330127E-01
              328  2.000000E+00 -2.500000E-01 -4.330127E-01
              329  2.500000E+00 -2.500000E-01 -4.330127E-01
              330  3.000000E+00 -2.500000E-01 -4.330127E-01
              331  3.500000E+00 -2.500000E-01 -4.330127E-01
              332  4.000000E+00 -2.500000E-01 -4.330127E-01
              333  4.500000E+00 -2.500000E-01 -4.330127E-01
              334  5.000000E+00 -2.500000E-01 -4.330127E-01
              335  5.500000E+00 -2.500000E-01 -4.330127E-01
              336  6.000000E+00 -2.500000E-01 -4.330127E-01
              337  6.500000E+00 -2.500000E-01 -4.330127E-01
              338  7.000000E+00 -2.500000E-01 -4.330127E-01
              339  7.500000E+00 -2.500000E-01 -4.330127E-01
              340  8.000000E+00 -2.500000E-01 -4.330127E-01
              341  8.500000E+00 -2.500000E-01 -4.330127E-01
              342  9.000000E+00 -2.500000E-01 -4.330127E-01
              343  9.500000E+00 -2.500000E-01 -4.330127E-01
              344  1.000000E+01 -2.500000E-01 -4.330127E-01
              345  1.050000E+01 -2.500000E-01 -4.330127E-01
              346  1.100000E+01 -2.500000E-01 -4.330127E-01
              347  1.150000E+01 -2.500000E-01 -4.330127E-01
              348  5.000000E-01 -1.294095E-01 -4.829629E-01
              349  1.000000E+00 -1.294095E-01 -4.829629E-01
              350  1.500000E+00 -1.294095E-01 -4.829629E-01
              351  2.000000E+00 -1.294095E-01 -4.829629E-01
              352  2.500000E+00 -1.294095E-01 -4.829629E-01
              353  3.000000E+00 -1.294095E-01 -4.829629E-01
              354  3.500000E+00 -1.294095E-01 -4.829629E-01
              355  4.000000E+00 -1.294095E-01 -4.829629E-01
              356  4.500000E+00 -1.294095E-01 -4.829629E-01
              357  5.000000E+00 -1.294095E-01 -4.829629E-01
              358  5.500000E+00 -1.294095E-01 -4.829629E-01
              359  6.000000E+00 -1.294095E-01 -4.829629E-01
              360  6.500000E+00 -1.294095E-01 -4.829629E-01
              361  7.000000E+00 -1.294095E-01 -4.829629E-01
              362  7.500000E+00 -1.294095E-01 -4.829629E-01
              363  8.000000E+00 -1.294095E-01 -4.829629E-01
              364  8.500000E+00 -1.294095E-01 -4.829629E-01
              365  9.000000E+00 -1.294095E-01 -4.829629E-01
              366  9.500000E+00 -1.294095E-01 -4.829629E-01
              367  1.000000E+01 -1.294095E-01 -4.829629E-01
              368  1.050000E+01 -1.294095E-01 -4.829629E-01
              369  1.100000E+01 -1.294095E-01 -4.829629E-01
              370  1.150000E+01 -1.294095E-01 -4.829629E-01
              371  5.000000E-01  4.829629E-01  1.294095E-01
              372  1.000000E+00  4.829629E-01  1.294095E-01
              373  1.500000E+00  4.829629E-01  1.294095E-01
              374  2.000000E+00  4.829629E-01  1.294095E-01
              375  2.500000E+00  4.829629E-01  1.294095E-01
              376  3.000000E+00  4.829629E-01  1.294095E-01
              377  3.500000E+00  4.829629E-01  1.294095E-01
              378  4.000000E+00  4.829629E-01  1.294095E-01
              379  4.500000E+00  4.829629E-01  1.294095E-01
              380  5.000000E+00  4.829629E-01  1.294095E-01
              381  5.500000E+00  4.829629E-01  1.294095E-01
              382  6.000000E+00  4.829629E-01  1.294095E-01
              383  6.500000E+00  4.829629E-01  1.294095E-01
              384  7.000000E+00  4.829629E-01  1.294095E-01
              385  7.500000E+00  4.829629E-01  1.294095E-01
              386  8.000000E+00  4.829629E-01  1.294095E-01
              387  8.500000E+00  4.829629E-01  1.294095E-01
              388  9.000000E+00  4.829629E-01  1.294095E-01
              389  9.500000E+00  4.829629E-01  1.294095E-01
              390  1.000000E+01  4.829629E-01  1.294095E-01
              391  1.050000E+01  4.829629E-01  1.294095E-01
              392  1.100000E+01  4.829629E-01  1.294095E-01
              393  1.150000E+01  4.829629E-01  1.294095E-01
              394  5.000000E-01  4.330127E-01  2.500000E-01
              395  1.000000E+00  4.330127E-01  2.500000E-01
              396  1.500000E+00  4.330127E-01  2.500000E-01
              397  2.000000E+00  4.330127E-01  2.500000E-01
              398  2.500000E+00  4.330127E-01  2.500000E-01
              399  3.000000E+00  4.330127E-01  2.500000E-01
              400  3.500000E+00  4.330127E-01  2.500000E-01
              401  4.000000E+00  4.330127E-01  2.500000E-01
              402  4.500000E+00  4.330127E-01  2.500000E-01
              403  5.000000E+00  4.330127E-01  2.500000E-01
              404  5.500000E+00  4.330127E-01  2.500000E-01
              405  6.000000E+00  4.330127E-01  2.500000E-01
              406  6.500000E+00  4.330127E-01  2.500000E-01
              407  7.000000E+00  4.330127E-01  2.500000E-01
              408  7.500000E+00  4.330127E-01  2.500000E-01
              409  8.000000E+00  4.330127E-01  2.500000E-01
              410  8.500000E+00  4.330127E-01  2.500000E-01
              411  9.000000E+00  4.330127E-01  2.500000E-01
              412  9.500000E+00  4.330127E-01  2.500000E-01
              413  1.000000E+01  4.330127E-01  2.500000E-01
              414  1.050000E+01  4.330127E-01  2.500000E-01
              415  1.100000E+01  4.330127E-01  2.500000E-01
              416  1.150000E+01  4.330127E-01  2.500000E-01
              417  5.000000E-01  3.535534E-01  3.535534E-01
              418  1.000000E+00  3.535534E-01  3.535534E-01
              419  1.500000E+00  3.535534E-01  3.535534E-01
              420  2.000000E+00  3.535534E-01  3.535534E-01
              421  2.500000E+00  3.535534E-01  3.535534E-01
              422  3.000000E+00  3.535534E-01  3.535534E-01
              423  3.500000E+00  3.535534E-01  3.535534E-01
              424  4.000000E+00  3.535534E-01  3.535534E-01
              425  4.500000E+00  3.535534E-01  3.535534E-01
              426  5.000000E+00  3.535534E-01  3.535534E-01
              427  5.500000E+00  3.535534E-01  3.535534E-01
              428  6.000000E+00  3.535534E-01  3.535534E-01
              429  6.500000E+00  3.535534E-01  3.535534E-01
              430  7.000000E+00  3.535534E-01  3.535534E-01
              431  7.500000E+00  3.535534E-01  3.535534E-01
              432  8.000000E+00  3.535534E-01  3.535534E-01
              433  8.500000E+00  3.535534E-01  3.535534E-01
              434  9.000000E+00  3.535534E-01  3.535534E-01
              435  9.500000E+00  3.535534E-01  3.535534E-01
              436  1.000000E+01  3.535534E-01  3.535534E-01
              437  1.050000E+01  3.535534E-01  3.535534E-01
              438  1.100000E+01  3.535534E-01  3.535534E-01
              439  1.150000E+01  3.535534E-01  3.535534E-01
              440  5.000000E-01  2.500000E-01  4.330127E-01
              441  1.000000E+00  2.500000E-01  4.330127E-01
              442  1.500000E+00  2.500000E-01  4.330127E-01
              443  2.000000E+00  2.500000E-01  4.330127E-01
              444  2.500000E+00  2.500000E-01  4.330127E-01
              445  3.000000E+00  2.500000E-01  4.330127E-01
              446  3.500000E+00  2.500000E-01  4.330127E-01
              447  4.000000E+00  2.500000E-01  4.330127E-01
              448  4.500000E+00  2.500000E-01  4.330127E-01
              449  5.000000E+00  2.500000E-01  4.330127E-01
              450  5.500000E+00  2.500000E-01  4.330127E-01
              451  6.000000E+00  2.500000E-01  4.330127E-01
              452  6.500000E+00  2.500000E-01  4.330127E-01
              453  7.000000E+00  2.500000E-01  4.330127E-01
              454  7.500000E+00  2.500000E-01  4.330127E-01
              455  8.000000E+00  2.500000E-01  4.330127E-01
              456  8.500000E+00  2.500000E-01  4.330127E-01
              457  9.000000E+00  2.500000E-01  4.330127E-01
              458  9.500000E+00  2.500000E-01  4.330127E-01
              459  1.000000E+01  2.500000E-01  4.330127E-01
              460  1.050000E+01  2.500000E-01  4.330127E-01
              461  1.100000E+01  2.500000E-01  4.330127E-01
              462  1.150000E+01  2.500000E-01  4.330127E-01
              463  5.000000E-01  1.294095E-01  4.829629E-01
              464  1.000000E+00  1.294095E-01  4.829629E-01
              465  1.500000E+00  1.294095E-01  4.829629E-01
              466  2.000000E+00  1.294095E-01  4.829629E-01
              467  2.500000E+00  1.294095E-01  4.829629E-01
              468  3.000000E+00  1.294095E-01  4.829629E-01
              469  3.500000E+00  1.294095E-01  4.829629E-01
              470  4.000000E+00  1.294095E-01  4.829629E-01
              471  4.500000E+00  1.294095E-01  4.829629E-01
              472  5.000000E+00  1.294095E-01  4.829629E-01
              473  5.500000E+00  1.294095E-01  4.829629E-01
              474  6.000000E+00  1.294095E-01  4.829629E-01
              475  6.500000E+00  1.294095E-01  4.829629E-01
              476  7.000000E+00  1.294095E-01  4.829629E-01
              477  7.500000E+00  1.294095E-01  4.829629E-01
              478  8.000000E+00  1.294095E-01  4.829629E-01
              479  8.500000E+00  1.294095E-01  4.829629E-01
              480  9.000000E+00  1.294095E-01  4.829629E-01
              481  9.500000E+00  1.294095E-01  4.829629E-01
              482  1.000000E+01  1.294095E-01  4.829629E-01
              483  1.050000E+01  1.294095E-01  4.829629E-01
              484  1.100000E+01  1.294095E-01  4.829629E-01
              485  1.150000E+01  1.294095E-01  4.829629E-01
              486  5.000000E-01  1.294095E-01 -4.829629E-01
              487  1.000000E+00  1.294095E-01 -4.829629E-01
              488  1.500000E+00  1.294095E-01 -4.829629E-01
              489  2.000000E+00  1.294095E-01 -4.829629E-01
              490  2.500000E+00  1.294095E-01 -4.829629E-01
              491  3.000000E+00  1.294095E-01 -4.829629E-01
              492  3.500000E+00  1.294095E-01 -4.829629E-01
              493  4.000000E+00  1.294095E-01 -4.829629E-01
              494  4.500000E+00  1.294095E-01 -4.829629E-01
              495  5.000000E+00  1.294095E-01 -4.829629E-01
              496  5.500000E+00  1.294095E-01 -4.829629E-01
              497  6.000000E+00  1.294095E-01 -4.829629E-01
              498  6.500000E+00  1.294095E-01 -4.829629E-01
              499  7.000000E+00  1.294095E-01 -4.829629E-01
              500  7.500000E+00  1.294095E-01 -4.829629E-01
              501  8.000000E+00  1.294095E-01 -4.829629E-01
              502  8.500000E+00  1.294095E-01 -4.829629E-01
              503  9.000000E+00  1.294095E-01 -4.829629E-01
              504  9.500000E+00  1.294095E-01 -4.829629E-01
              505  1.000000E+01  1.294095E-01 -4.829629E-01
              506  1.050000E+01  1.294095E-01 -4.829629E-01
              507  1.100000E+01  1.294095E-01 -4.829629E-01
              508  1.150000E+01  1.294095E-01 -4.829629E-01
              509  5.000000E-01  2.500000E-01 -4.330127E-01
              510  1.000000E+00  2.500000E-01 -4.330127E-01
              511  1.500000E+00  2.500000E-01 -4.330127E-01
              512  2.000000E+00  2.500000E-01 -4.330127E-01
              513  2.500000E+00  2.500000E-01 -4.330127E-01
              514  3.000000E+00  2.500000E-01 -4.330127E-01
              515  3.500000E+00  2.500000E-01 -4.330127E-01
              516  4.000000E+00  2.500000E-01 -4.330127E-01
              517  4.500000E+00  2.500000E-01 -4.330127E-01
              518  5.000000E+00  2.500000E-01 -4.330127E-01
              519  5.500000E+00  2.500000E-01 -4.330127E-01
              520  6.000000E+00  2.500000E-01 -4.330127E-01
              521  6.500000E+00  2.500000E-01 -4.330127E-01
              522  7.000000E+00  2.500000E-01 -4.330127E-01
              523  7.500000E+00  2.500000E-01 -4.330127E-01
              524  8.000000E+00  2.500000E-01 -4.330127E-01
              525  8.500000E+00  2.500000E-01 -4.330127E-01
              526  9.000000E+00  2.500000E-01 -4.330127E-01
              527  9.500000E+00  2.500000E-01 -4.330127E-01
              528  1.000000E+01  2.500000E-01 -4.330127E-01
              529  1.050000E+01  2.500000E-01 -4.330127E-01
              530  1.100000E+01  2.500000E-01 -4.330127E-01
              531  1.150000E+01  2.500000E-01 -4.330127E-01
              532  5.000000E-01  3.535534E-01 -3.535534E-01
              533  1.000000E+00  3.535534E-01 -3.535534E-01
              534  1.500000E+00  3.535534E-01 -3.535534E-01
              535  2.000000E+00  3.535534E-01 -3.535534E-01
              536  2.500000E+00  3.535534E-01 -3.535534E-01
              537  3.000000E+00  3.535534E-01 -3.535534E-01
              538  3.500000E+00  3.535534E-01 -3.535534E-01
              539  4.000000E+00  3.535534E-01 -3.535534E-01
              540  4.500000E+00  3.535534E-01 -3.535534E-01
              541  5.000000E+00  3.535534E-01 -3.535534E-01
              542  5.500000E+00  3.535534E-01 -3.535534E-01
              543  6.000000E+00  3.535534E-01 -3.535534E-01
              544  6.500000E+00  3.535534E-01 -3.535534E-01
              545  7.000000E+00  3.535534E-01 -3.535534E-01
              546  7.500000E+00  3.535534E-01 -3.535534E-01
              547  8.000000E+00  3.535534E-01 -3.535534E-01
              548  8.500000E+00  3.535534E-01 -3.535534E-01
              549  9.000000E+00  3.535534E-01 -3.535534E-01
              550  9.500000E+00  3.535534E-01 -3.535534E-01
              551  1.000000E+01  3.535534E-01 -3.535534E-01
              552  1.050000E+01  3.535534E-01 -3.535534E-01
              553  1.100000E+01  3.535534E-01 -3.535534E-01
              554  1.150000E+01  3.535534E-01 -3.535534E-01
              555  5.000000E-01  4.330127E-01 -2.500000E-01
              556  1.000000E+00  4.330127E-01 -2.500000E-01
              557  1.500000E+00  4.330127E-01 -2.500000E-01
              558  2.000000E+00  4.330127E-01 -2.500000E-01
              559  2.500000E+00  4.330127E-01 -2.500000E-01
              560  3.000000E+00  4.330127E-01 -2.500000E-01
              561  3.500000E+00  4.330127E-01 -2.500000E-01
              562  4.000000E+00  4.330127E-01 -2.500000E-01
              563  4.500000E+00  4.330127E-01 -2.500000E-01
              564  5.000000E+00  4.330127E-01 -2.500000E-01
              565  5.500000E+00  4.330127E-01 -2.500000E-01
              566  6.000000E+00  4.330127E-01 -2.500000E-01
              567  6.500000E+00  4.330127E-01 -2.500000E-01
              568  7.000000E+00  4.330127E-01 -2.500000E-01
              569  7.500000E+00  4.330127E-01 -2.500000E-01
              570  8.000000E+00  4.330127E-01 -2.500000E-01
              571  8.500000E+00  4.330127E-01 -2.500000E-01
              572  9.000000E+00  4.330127E-01 -2.500000E-01
              573  9.500000E+00  4.330127E-01 -2.500000E-01
              574  1.000000E+01  4.330127E-01 -2.500000E-01
              575  1.050000E+01  4.330127E-01 -2.500000E-01
              576  1.100000E+01  4.330127E-01 -2.500000E-01
              577  1.150000E+01  4.330127E-01 -2.500000E-01
              578  5.000000E-01  4.829629E-01 -1.294095E-01
              579  1.000000E+00  4.829629E-01 -1.294095E-01
              580  1.500000E+00  4.829629E-01 -1.294095E-01
              581  2.000000E+00  4.829629E-01 -1.294095E-01
              582  2.500000E+00  4.829629E-01 -1.294095E-01
              583  3.000000E+00  4.829629E-01 -1.294095E-01
              584  3.500000E+00  4.829629E-01 -1.294095E-01
              585  4.000000E+00  4.829629E-01 -1.294095E-01
              586  4.500000E+00  4.829629E-01 -1.294095E-01
              587  5.000000E+00  4.829629E-01 -1.294095E-01
              588  5.500000E+00  4.829629E-01 -1.294095E-01
              589  6.000000E+00  4.829629E-01 -1.294095E-01
              590  6.500000E+00  4.829629E-01 -1.294095E-01
              591  7.000000E+00  4.829629E-01 -1.294095E-01
              592  7.500000E+00  4.829629E-01 -1.294095E-01
              593  8.000000E+00  4.829629E-01 -1.294095E-01
              594  8.500000E+00  4.829629E-01 -1.294095E-01
              595  9.000000E+00  4.829629E-01 -1.294095E-01
              596  9.500000E+00  4.829629E-01 -1.294095E-01
              597  1.000000E+01  4.829629E-01 -1.294095E-01
              598  1.050000E+01  4.829629E-01 -1.294095E-01
              599  1.100000E+01  4.829629E-01 -1.294095E-01
              600  1.150000E+01  4.829629E-01 -1.294095E-01
!
      $PART  NAME = SURFACE13
       SURFACE13
      $PART  NAME = SURFACE17
       SURFACE17
      $PART  NAME = SURFACE21
       SURFACE21
      $PART  NAME = SURFACE25
       SURFACE25
!
   $END STRUCTURE
!------
   $SYSTEM  NAME = S_STEP_1
!
      $GEODAT SHELL     CONT = THICK      NODES = ALL
       GD_CYLINDER   5.000000E-03
!
      $ELPROP
       CYLINDER      GEODAT = GD_CYLINDER   MATERIAL = MAT_CYLINDER
!
      $ADDMODES SOURCE = LOAD
         LPAT = ALL
!
   $END SYSTEM
!------
   $CONSTRAINTS  NAME = C_STEP_1
!
      $SUPPRESS  LINENODE  DOFS = 1,2,3,4,5,6  DOFTYPE = DISP
       CLAMPED
!
   $END CONSTRAINTS
!------
   $LOADING  NAME = L_STEP_0
!
      $DISLOAD LINE3D  LPAT = 1  IDS = ELGEO  FACTOR = 1276886.4401044492 NODES = ALL  DOFTYPE = DISP
              432  3 :  0.000000E+00 -1.000000E+00  0.000000E+00
              456  3 :  0.000000E+00 -1.000000E+00  0.000000E+00
              312  3 :  0.000000E+00 -1.000000E+00  0.000000E+00
              576  3 :  0.000000E+00 -1.000000E+00  0.000000E+00
              336  3 :  0.000000E+00 -1.000000E+00  0.000000E+00
              360  3 :  0.000000E+00 -1.000000E+00  0.000000E+00
              384  3 :  0.000000E+00 -1.000000E+00  0.000000E+00
              408  3 :  0.000000E+00 -1.000000E+00  0.000000E+00
              480  3 :  0.000000E+00 -1.000000E+00  0.000000E+00
              504  3 :  0.000000E+00 -1.000000E+00  0.000000E+00
              528  3 :  0.000000E+00 -1.000000E+00  0.000000E+00
              552  3 :  0.000000E+00 -1.000000E+00  0.000000E+00
!
   $END LOADING
!------
   $LOADING  NAME = L_STEP_2
!
      $DISLOAD LINE3D  LPAT = 1  IDS = ELGEO  FACTOR = 1276886.4401044492  NODES = ALL  DOFTYPE = DISP
              432  3 :  0.000000E+00 -1.000000E+00  0.000000E+00
              456  3 :  0.000000E+00 -1.000000E+00  0.000000E+00
              312  3 :  0.000000E+00 -1.000000E+00  0.000000E+00
              576  3 :  0.000000E+00 -1.000000E+00  0.000000E+00
              336  3 :  0.000000E+00 -1.000000E+00  0.000000E+00
              360  3 :  0.000000E+00 -1.000000E+00  0.000000E+00
              384  3 :  0.000000E+00 -1.000000E+00  0.000000E+00
              408  3 :  0.000000E+00 -1.000000E+00  0.000000E+00
              480  3 :  0.000000E+00 -1.000000E+00  0.000000E+00
              504  3 :  0.000000E+00 -1.000000E+00  0.000000E+00
              528  3 :  0.000000E+00 -1.000000E+00  0.000000E+00
              552  3 :  0.000000E+00 -1.000000E+00  0.000000E+00
!
      $TRANSLOAD  DOFTYPE = DISP
      LPAT = 1  FUNCTION =          1
!
   $END LOADING
!------
$EXIT COMPONENT
!------------------------------------
$ENTER FUNCTION
!------
   $FUNCTION FORMULA  FID =          1
   F(T)=SIN(2*PI*150*T)
!------
$EXIT FUNCTION
!------------------------------------
$ENTER MATERIAL
!------
   $MATERIAL  NAME = MAT_CYLINDER  TYPE = ISO
!
      $ELASTIC  GENERAL  INPUT = DATA
        6.900000E+10  3.500000E-01
!
      $DENSITY  GENERAL  INPUT = DATA
        2.700000E+03
!
   $END MATERIAL
!------
$EXIT MATERIAL
!------------------------------------
$FIN
