$ENTER COMPONENT  NAME = DFLT_COMP  DOFTYPE = DISP MATH
!------
   $SITUATION  NAME = STEP_1
      DFLT_COMP  CONSTRAINTS = C_STEP_1  SYSTEM = S_STEP_1
   $END SITUATION
!
   $SITUATION  NAME = STEP_2  PARENT = STEP_1
      DFLT_COMP  SYSTEM = S_STEP_1  LOADING = L_STEP_2
   $END SITUATION
!
   $STRUCTURE
!
      $ELEMENT TYPE = QUAD4
                1          1          5         37         36
                2         36         37         38         35
                3         35         38         39         34
                4         34         39         40         33
                5         33         40         41         32
                6         32         41         31          4
                7          5          6         42         37
                8         37         42         43         38
                9         38         43         44         39
               10         39         44         45         40
               11         40         45         46         41
               12         41         46         30         31
               13          6          7         47         42
               14         42         47         48         43
               15         43         48         49         44
               16         44         49         50         45
               17         45         50         51         46
               18         46         51         29         30
               19          7          8         52         47
               20         47         52         53         48
               21         48         53         54         49
               22         49         54         55         50
               23         50         55         56         51
               24         51         56         28         29
               25          8          9         57         52
               26         52         57         58         53
               27         53         58         59         54
               28         54         59         60         55
               29         55         60         61         56
               30         56         61         27         28
               31          9         10         62         57
               32         57         62         63         58
               33         58         63         64         59
               34         59         64         65         60
               35         60         65         66         61
               36         61         66         26         27
               37         10         11         67         62
               38         62         67         68         63
               39         63         68         69         64
               40         64         69         70         65
               41         65         70         71         66
               42         66         71         25         26
               43         11         12         72         67
               44         67         72         73         68
               45         68         73         74         69
               46         69         74         75         70
               47         70         75         76         71
               48         71         76         24         25
               49         12         13         77         72
               50         72         77         78         73
               51         73         78         79         74
               52         74         79         80         75
               53         75         80         81         76
               54         76         81         23         24
               55         13         14         82         77
               56         77         82         83         78
               57         78         83         84         79
               58         79         84         85         80
               59         80         85         86         81
               60         81         86         22         23
               61         14         15         87         82
               62         82         87         88         83
               63         83         88         89         84
               64         84         89         90         85
               65         85         90         91         86
               66         86         91         21         22
               67         15          2         16         87
               68         87         16         17         88
               69         88         17         18         89
               70         89         18         19         90
               71         90         19         20         91
               72         91         20          3         21
!
      $LINE GEO  LNID = CLAMPED
       SFLA2          1         36
       SFLA2         32          4
       SFLA2         33         32
       SFLA2         34         33
       SFLA2         35         34
       SFLA2         36         35
!
      $NSET NAME = F
                3
      $ESET NAME = PLATE
                1          2          3          4          5          6          7          8          9         10         11         12         13         14
               15         16         17         18         19         20         21         22         23         24         25         26         27         28
               29         30         31         32         33         34         35         36         37         38         39         40         41         42
               43         44         45         46         47         48         49         50         51         52         53         54         55         56
               57         58         59         60         61         62         63         64         65         66         67         68         69         70
               71         72
!
      $COOR
                1  0.000000E+00  0.000000E+00  0.000000E+00
                2  6.096000E-01  0.000000E+00  0.000000E+00
                3  6.096000E-01  3.048000E-01  0.000000E+00
                4  0.000000E+00  3.048000E-01  0.000000E+00
                5  5.080000E-02  0.000000E+00  0.000000E+00
                6  1.016000E-01  0.000000E+00  0.000000E+00
                7  1.524000E-01  0.000000E+00  0.000000E+00
                8  2.032000E-01  0.000000E+00  0.000000E+00
                9  2.540000E-01  0.000000E+00  0.000000E+00
               10  3.048000E-01  0.000000E+00  0.000000E+00
               11  3.556000E-01  0.000000E+00  0.000000E+00
               12  4.064000E-01  0.000000E+00  0.000000E+00
               13  4.572000E-01  0.000000E+00  0.000000E+00
               14  5.080000E-01  0.000000E+00  0.000000E+00
               15  5.588000E-01  0.000000E+00  0.000000E+00
               16  6.096000E-01  5.080000E-02  0.000000E+00
               17  6.096000E-01  1.016000E-01  0.000000E+00
               18  6.096000E-01  1.524000E-01  0.000000E+00
               19  6.096000E-01  2.032000E-01  0.000000E+00
               20  6.096000E-01  2.540000E-01  0.000000E+00
               21  5.588000E-01  3.048000E-01  0.000000E+00
               22  5.080000E-01  3.048000E-01  0.000000E+00
               23  4.572000E-01  3.048000E-01  0.000000E+00
               24  4.064000E-01  3.048000E-01  0.000000E+00
               25  3.556000E-01  3.048000E-01  0.000000E+00
               26  3.048000E-01  3.048000E-01  0.000000E+00
               27  2.540000E-01  3.048000E-01  0.000000E+00
               28  2.032000E-01  3.048000E-01  0.000000E+00
               29  1.524000E-01  3.048000E-01  0.000000E+00
               30  1.016000E-01  3.048000E-01  0.000000E+00
               31  5.080000E-02  3.048000E-01  0.000000E+00
               32  0.000000E+00  2.540000E-01  0.000000E+00
               33  0.000000E+00  2.032000E-01  0.000000E+00
               34  0.000000E+00  1.524000E-01  0.000000E+00
               35  0.000000E+00  1.016000E-01  0.000000E+00
               36  0.000000E+00  5.080000E-02  0.000000E+00
               37  5.080000E-02  5.080000E-02  0.000000E+00
               38  5.080000E-02  1.016000E-01  0.000000E+00
               39  5.080000E-02  1.524000E-01  0.000000E+00
               40  5.080000E-02  2.032000E-01  0.000000E+00
               41  5.080000E-02  2.540000E-01  0.000000E+00
               42  1.016000E-01  5.080000E-02  0.000000E+00
               43  1.016000E-01  1.016000E-01  0.000000E+00
               44  1.016000E-01  1.524000E-01  0.000000E+00
               45  1.016000E-01  2.032000E-01  0.000000E+00
               46  1.016000E-01  2.540000E-01  0.000000E+00
               47  1.524000E-01  5.080000E-02  0.000000E+00
               48  1.524000E-01  1.016000E-01  0.000000E+00
               49  1.524000E-01  1.524000E-01  0.000000E+00
               50  1.524000E-01  2.032000E-01  0.000000E+00
               51  1.524000E-01  2.540000E-01  0.000000E+00
               52  2.032000E-01  5.080000E-02  0.000000E+00
               53  2.032000E-01  1.016000E-01  0.000000E+00
               54  2.032000E-01  1.524000E-01  0.000000E+00
               55  2.032000E-01  2.032000E-01  0.000000E+00
               56  2.032000E-01  2.540000E-01  0.000000E+00
               57  2.540000E-01  5.080000E-02  0.000000E+00
               58  2.540000E-01  1.016000E-01  0.000000E+00
               59  2.540000E-01  1.524000E-01  0.000000E+00
               60  2.540000E-01  2.032000E-01  0.000000E+00
               61  2.540000E-01  2.540000E-01  0.000000E+00
               62  3.048000E-01  5.080000E-02  0.000000E+00
               63  3.048000E-01  1.016000E-01  0.000000E+00
               64  3.048000E-01  1.524000E-01  0.000000E+00
               65  3.048000E-01  2.032000E-01  0.000000E+00
               66  3.048000E-01  2.540000E-01  0.000000E+00
               67  3.556000E-01  5.080000E-02  0.000000E+00
               68  3.556000E-01  1.016000E-01  0.000000E+00
               69  3.556000E-01  1.524000E-01  0.000000E+00
               70  3.556000E-01  2.032000E-01  0.000000E+00
               71  3.556000E-01  2.540000E-01  0.000000E+00
               72  4.064000E-01  5.080000E-02  0.000000E+00
               73  4.064000E-01  1.016000E-01  0.000000E+00
               74  4.064000E-01  1.524000E-01  0.000000E+00
               75  4.064000E-01  2.032000E-01  0.000000E+00
               76  4.064000E-01  2.540000E-01  0.000000E+00
               77  4.572000E-01  5.080000E-02  0.000000E+00
               78  4.572000E-01  1.016000E-01  0.000000E+00
               79  4.572000E-01  1.524000E-01  0.000000E+00
               80  4.572000E-01  2.032000E-01  0.000000E+00
               81  4.572000E-01  2.540000E-01  0.000000E+00
               82  5.080000E-01  5.080000E-02  0.000000E+00
               83  5.080000E-01  1.016000E-01  0.000000E+00
               84  5.080000E-01  1.524000E-01  0.000000E+00
               85  5.080000E-01  2.032000E-01  0.000000E+00
               86  5.080000E-01  2.540000E-01  0.000000E+00
               87  5.588000E-01  5.080000E-02  0.000000E+00
               88  5.588000E-01  1.016000E-01  0.000000E+00
               89  5.588000E-01  1.524000E-01  0.000000E+00
               90  5.588000E-01  2.032000E-01  0.000000E+00
               91  5.588000E-01  2.540000E-01  0.000000E+00
!
      $PART  NAME = A
                1          2          3          4          5          6          7          8          9         10         11         12         13         14
               15         16         17         18         19         20         21         22         23         24         25         26         27         28
               29         30         31         32         33         34         35         36         37         38         39         40         41         42
               43         44         45         46         47         48
      $PART  NAME = B
               49         50         51         52         53         54         55         56         57         58         59         60         61         62
               63         64         65         66         67         68         69         70         71         72
!
   $END STRUCTURE
!------
   $SYSTEM  NAME = S_STEP_1
!
      $GEODAT SHELL     CONT = THICK      NODES = ALL
       GD_PLATE      3.175000E-03
!
      $ELPROP
       PLATE         GEODAT = GD_PLATE      MATERIAL = MAT_PLATE
!
   $END SYSTEM
!------
   $CONSTRAINTS  NAME = C_STEP_1
!
      $SUPPRESS  LINENODE  DOFS = 1,2,3,4,5,6  DOFTYPE = DISP
       CLAMPED
!
   $END CONSTRAINTS
!------
   $LOADING  NAME = L_STEP_2
!
      $CONLOAD  LPAT = 1  DOFTYPE = DISP
       F            3: -1.000000E+00
!
      $TRANSLOAD  DOFTYPE = DISP
      LPAT = 1
!
   $END LOADING
!------
$EXIT COMPONENT
!------------------------------------
$ENTER MATERIAL
!------
   $MATERIAL  NAME = MAT_PLATE  TYPE = ISO
!
      $ELASTIC  GENERAL  INPUT = DATA
        7.200000E+10  3.300000E-01
!
      $DENSITY  GENERAL  INPUT = DATA
        2.796000E+03
!
   $END MATERIAL
!------
$EXIT MATERIAL
!------------------------------------
$FIN
