$ENTER COMPONENT  NAME = DFLT_COMP  DOFTYPE = DISP MATH
!------
   $STRUCTURE
!
      $SURFACE ELEMENTS  SURFID =          1  SYSTEM = LOCAL
                1          1
               46          1
               91          1
              136          1
              181          1
              226          1
              271          1
              316          1
              361          1
              406          1
              451          1
              496          1
              541          1
              586          1
              631          1
              676          1
              721          1
              766          1
              811          1
              856          1
              901          1
              946          1
              991          1
             1036          1
             1081          1
             1126          1
             1171          1
             1216          1
             1261          1
             1306          1
             1351          1
             1396          1
             1441          1
             1486          1
             1531          1
             1576          1
             1621          1
             1666          1
             1711          1
             1756          1
             1801          1
             1846          1
             1891          1
             1936          1
             1981          1
             2026          1
             2071          1
             2116          1
             2161          1
             2206          1
             2251          1
             2296          1
             2341          1
             2386          1
             2431          1
             2476          1
             2521          1
             2566          1
             2611          1
             2656          1
             2701          1
             2746          1
             2791          1
             2836          1
             2881          1
             2926          1
             2971          1
             3016          1
             3061          1
             3106          1
             3151          1
             3196          1
             3241          1
             3286          1
             3331          1
             3376          1
             3421          1
             3466          1
             3511          1
             3556          1
             3601          1
             3646          1
             3691          1
             3736          1
             3781          1
             3826          1
             3871          1
             3916          1
             3961          1
             4006          1
             4051          1
             4096          1
             4141          1
             4186          1
             4231          1
             4276          1
             4321          1
             4366          1
             4411          1
             4456          1
             4501          1
             4546          1
             4591          1
             4636          1
             4681          1
             4726          1
             4771          1
             4816          1
             4861          1
             4906          1
             4951          1
             4996          1
             5041          1
             5086          1
             5131          1
             5176          1
             5221          1
             5266          1
             5311          1
             5356          1
             5401          1
             5446          1
             5491          1
             5536          1
             5581          1
             5626          1
             5671          1
             5716          1
             5761          1
             5806          1
             5851          1
             5896          1
             5941          1
             5986          1
             6031          1
             6076          1
             6121          1
             6166          1
             6211          1
             6256          1
             6301          1
             6346          1
             6391          1
             6436          1
             6481          1
             6526          1
             6571          1
             6616          1
             6661          1
             6706          1
             6751          1
             6796          1
             6841          1
             6886          1
             6931          1
             6976          1
             7021          1
             7066          1
             7111          1
             7156          1
             7201          1
             7246          1
             7291          1
             7336          1
             7381          1
             7426          1
             7471          1
             7516          1
             7561          1
             7606          1
             7651          1
             7696          1
             7741          1
             7786          1
             7831          1
             7876          1
             7921          1
             7966          1
             8011          1
             8056          1
             8101          1
             8146          1
             8191          1
             8236          1
             8281          1
             8326          1
             8371          1
             8416          1
             8461          1
             8506          1
             8551          1
             8596          1
             8641          1
             8686          1
             8731          1
             8776          1
             8821          1
             8866          1
             8911          1
             8956          1
             9001          1
             9046          1
             9091          1
             9136          1
             9181          1
             9226          1
             9271          1
             9316          1
             9361          1
             9406          1
             9451          1
             9496          1
             9541          1
             9586          1
             9631          1
             9676          1
             9721          1
             9766          1
             9811          1
             9856          1
             9901          1
             9946          1
             9991          1
            10036          1
            10081          1
      $SURFACE ELEMENTS  SURFID =          2  SYSTEM = LOCAL
             3420          6
             3465          6
             3510          6
             3555          6
             3600          6
             3645          6
             3690          6
             3735          6
             3780          6
             3825          6
             3870          6
             3915          6
             3960          6
             4005          6
             4050          6
             4095          6
             4140          6
             4185          6
             4230          6
             4275          6
             4320          6
             4365          6
             4410          6
             4455          6
             4500          6
             4545          6
             4590          6
             4635          6
             4680          6
             4725          6
             4770          6
             4815          6
             4860          6
             4905          6
             4950          6
             4995          6
             5040          6
             5085          6
             5130          6
             5175          6
             5220          6
             5265          6
             5310          6
             5355          6
             5400          6
             5445          6
             5490          6
             5535          6
             5580          6
             5625          6
             5670          6
             5715          6
             5760          6
             5805          6
             5850          6
             5895          6
             5940          6
             5985          6
             6030          6
             6075          6
             6120          6
             6165          6
             6210          6
             6255          6
             6300          6
             6345          6
             6390          6
             6435          6
             6480          6
             6525          6
             6570          6
             6615          6
             6660          6
             6705          6
             6750          6
!
      $SFSET NAME = CLAMPED
                1
      $SFSET NAME = LOAD
                2
!
   $END STRUCTURE
!------
   $SYSTEM  NAME = S_STEP_1
!
      $ELPROP
       BEAM          MATERIAL = MAT_01
!
   $END SYSTEM
!------
   $CONSTRAINTS  NAME = C_STEP_1
!
      $SUPPRESS  SURFNODE  DOFS = 1,2,3  DOFTYPE = DISP
       CLAMPED
!
   $END CONSTRAINTS
!------
   $LOADING  NAME = L_STEP_1
!
      $DISLOADS SURF3D  LPAT = 1  DOFTYPE = DISP
       LOAD  0.000000E+00 -1.000000E+01  0.000000E+00
!
   $END LOADING
!------
$EXIT COMPONENT
!------------------------------------
$ENTER MATERIAL
!------
   $MATERIAL  NAME = MAT_01  TYPE = ISO
!
      $DENSITY  GENERAL  INPUT = DATA
        7.800000E-09
!
      $ELASTIC  GENERAL  INPUT = DATA
        2.060000E+05  3.000000E-01
!
   $END MATERIAL
!------
$EXIT MATERIAL
!------------------------------------
$FIN
