$ENTER COMPONENT  NAME = DFLT_COMP  DOFTYPE = DISP MATH
!------
   $SITUATION  NAME = STEP_1
      DFLT_COMP  CONSTRAINTS = C_STEP_1  SYSTEM = S_STEP_1
   $END SITUATION
!
   $STRUCTURE
!
      $ELEMENT TYPE = FLA2  ESET = ROD
                1          1          2
                2          2          3
                3          3          4
                4          4          5
                5          5          6
                6          6          7
                7          7          8
                8          8          9
                9          9         10
               10         10         11
               11         11         12
               12         12         13
               13         13         14
               14         14         15
               15         15         16
               16         16         17
               17         17         18
               18         18         19
               19         19         20
               20         20         21
               21         21         22
               22         22         23
               23         23         24
               24         24         25
               25         25         26
               26         26         27
               27         27         28
               28         28         29
               29         29         30
               30         30         31
               31         31         32
               32         32         33 
!
      $ELEMENT TYPE = DAMP1  ESET = XI
               33          1          2
               34          2          3
               35          3          4
               36          4          5
               37          5          6
               38          6          7
               39          7          8
               40          8          9
               41          9         10
               42         10         11
               43         11         12
               44         12         13
               45         13         14
               46         14         15
               47         15         16
               48         16         17
               49         17         18
               50         18         19
               51         19         20
               52         20         21
               53         21         22
               54         22         23
               55         23         24
               56         24         25
               57         25         26
               58         26         27
               59         27         28
               60         28         29
               61         29         30
               62         30         31
               63         31         32
               64         32         33 
!
      $NSET NAME = ROD RULE = ESET
              ROD
!
      $COOR
                1  0.000000E+00  0.000000E+00  0.000000E+00
                2  3.125000E-02  0.000000E+00  0.000000E+00
                3  6.250000E-02  0.000000E+00  0.000000E+00
                4  9.375000E-02  0.000000E+00  0.000000E+00
                5  1.250000E-01  0.000000E+00  0.000000E+00
                6  1.562500E-01  0.000000E+00  0.000000E+00
                7  1.875000E-01  0.000000E+00  0.000000E+00
                8  2.187500E-01  0.000000E+00  0.000000E+00
                9  2.500000E-01  0.000000E+00  0.000000E+00
               10  2.812500E-01  0.000000E+00  0.000000E+00
               11  3.125000E-01  0.000000E+00  0.000000E+00
               12  3.437500E-01  0.000000E+00  0.000000E+00
               13  3.750000E-01  0.000000E+00  0.000000E+00
               14  4.062500E-01  0.000000E+00  0.000000E+00
               15  4.375000E-01  0.000000E+00  0.000000E+00
               16  4.687500E-01  0.000000E+00  0.000000E+00
               17  5.000000E-01  0.000000E+00  0.000000E+00
               18  5.312500E-01  0.000000E+00  0.000000E+00
               19  5.624999E-01  0.000000E+00  0.000000E+00
               20  5.937500E-01  0.000000E+00  0.000000E+00
               21  6.250000E-01  0.000000E+00  0.000000E+00
               22  6.562500E-01  0.000000E+00  0.000000E+00
               23  6.874999E-01  0.000000E+00  0.000000E+00
               24  7.187500E-01  0.000000E+00  0.000000E+00
               25  7.500000E-01  0.000000E+00  0.000000E+00
               26  7.812500E-01  0.000000E+00  0.000000E+00
               27  8.124999E-01  0.000000E+00  0.000000E+00
               28  8.437500E-01  0.000000E+00  0.000000E+00
               29  8.750000E-01  0.000000E+00  0.000000E+00
               30  9.062500E-01  0.000000E+00  0.000000E+00
               31  9.374999E-01  0.000000E+00  0.000000E+00
               32  9.687500E-01  0.000000E+00  0.000000E+00
               33  1.000000E+00  0.000000E+00  0.000000E+00

!
      $PART  NAME = ROD
       ROD
!
   $END STRUCTURE
!------
   $SYSTEM  NAME = S_STEP_1
!
      $GEODAT FLANGE CONT = SECTION  NODES = ALL
         GD_ROD  1.0

      $GEODAT DAMPER CONT = DAMP
         GD_XI  0.01

      $ELPROP
         ROD  GEODAT = GD_ROD  MATERIAL = MAT_01
          XI  GEODAT = GD_XI
!
   $END SYSTEM
!------
   $CONSTRAINTS  NAME = C_STEP_1
!
       $SUPPRESS DOFS = 2,3
           ROD
!
       $SUPPRESS DOFS = 1
           1 
!
   $END CONSTRAINTS
!------
$EXIT COMPONENT
!------------------------------------
$ENTER MATERIAL

   $MATERIAL NAME = MAT_01

   $DENSITY 
      1.0

    $ELASTIC
      1.0  0.0

  $END MATERIAL

$EXIT MATERIAL
!------------------------------------
$FIN
