$ENTER COMPONENT  NAME = DFLT_COMP  DOFTYPE = DISP MATH
!------
   $SITUATION NAME = STEP_0
     DFLT_COMP SYSTEM = S_STEP_0 CONSTRAINTS = C_STEP_0 
   $END SITUATION

   $SITUATION NAME = STEP_1
     DFLT_COMP SYSTEM = S_STEP_0 CONSTRAINTS = C_STEP_0 LOADING = L_STEP_1 RESULTS = R_STEP_1
   $END SITUATION

   $SITUATION NAME = STEP_2
     DFLT_COMP SYSTEM = S_STEP_0 CONSTRAINTS = C_STEP_0 LOADING = L_STEP_1 RESULTS = R_STEP_2
   $END SITUATION

   $STRUCTURE
!
      $ELEMENT TYPE = FLA2
                1          1          2
                2          2          3
                3          3          4
                4          4          5
                5          5          6
                6          6          7
                7          7          8
                8          8          9
                9          9         10
               10         10         11
               11         11         12
               12         12         13
               13         13         14
               14         14         15
               15         15         16
               16         16         17
               17         17         18
               18         18         19
               19         19         20
               20         20         21
               21         21         22
               22         22         23
               23         23         24
               24         24         25
               25         25         26
               26         26         27
               27         27         28
               28         28         29
               29         29         30
               30         30         31
!
               31         92         32
               32         32         33
               33         33         34
               34         34         35
               35         35         36
               36         36         37
               37         37         38
               38         38         39
               39         39         40
               40         40         41
               41         41         42
               42         42         43
               43         43         44
               44         44         45
               45         45         46
               46         46         47
               47         47         48
               48         48         49
               49         49         50
               50         50         51
               51         51         52
               52         52         53
               53         53         54
               54         54         55
               55         55         56
               56         56         57
               57         57         58
               58         58         59
               59         59         60
               60         60         61
               61         61         62
               62         62         63
               63         63         64
               64         64         65
               65         65         66
               66         66         67
               67         67         68
               68         68         69
               69         69         70
               70         70         71
               71         71         72
               72         72         73
               73         73         74
               74         74         75
               75         75         76
               76         76         77
               77         77         78
               78         78         79
               79         79         80
               80         80         81
               81         81         82
               82         82         83
               83         83         84
               84         84         85
               85         85         86
               86         86         87
               87         87         88
               88         88         89
               89         89         90
               90         90         91
!
      $ELEMENT TYPE = SPRING3 ESET = K
           91  31 92
      $ELEMENT TYPE = DAMP3 ESET = C
           92  31 92
      $ELEMENT TYPE = NLSTIFF ESET = GAMMA
           93  31 92

      $ELSYS RSYS
          GAMMA RSYS = 0

      $NSET NAME = ROD
                1          2          3          4          5          6          7          8          9         10         11         12         13         14
               15         16         17         18         19         20         21         22         23         24         25         26         27         28
               29         30         31         32         33         34         35         36         37         38         39         40         41         42
               43         44         45         46         47         48         49         50         51         52         53         54         55         56
               57         58         59         60         61         62         63         64         65         66         67         68         69         70
               71         72         73         74         75         76         77         78         79         80         81         82         83         84
               85         86         87         88         89         90         91
      $NSET NAME = SPC
                1         91
      $ESET NAME = ROD
                1          2          3          4          5          6          7          8          9         10         11         12         13         14
               15         16         17         18         19         20         21         22         23         24         25         26         27         28
               29         30         31         32         33         34         35         36         37         38         39         40         41         42
               43         44         45         46         47         48         49         50         51         52         53         54         55         56
               57         58         59         60         61         62         63         64         65         66         67         68         69         70
               71         72         73         74         75         76         77         78         79         80         81         82         83         84
               85         86         87         88         89         90
      $ESET NAME = ROD_1
                1          2          3          4          5          6          7          8          9         10         11         12         13         14
               15         16         17         18         19         20         21         22         23         24         25         26         27         28
               29         30
      $ESET NAME = ROD_2
               31         32         33         34         35         36         37         38         39         40         41         42         43         44
               45         46         47         48         49         50         51         52         53         54         55         56         57         58
               59         60         61         62         63         64         65         66         67         68         69         70         71         72
               73         74         75         76         77         78         79         80         81         82         83         84         85         86
               87         88         89         90
      $NSET NAME = ROD_1 RULE = ESET
         ROD_1
      $NSET NAME = ROD_2 RULE = ESET
         ROD_2
!
      $COOR
                1  0.000000E+00  0.000000E+00  0.000000E+00
                2  1.111111E-02  0.000000E+00  0.000000E+00
                3  2.222222E-02  0.000000E+00  0.000000E+00
                4  3.333334E-02  0.000000E+00  0.000000E+00
                5  4.444445E-02  0.000000E+00  0.000000E+00
                6  5.555556E-02  0.000000E+00  0.000000E+00
                7  6.666667E-02  0.000000E+00  0.000000E+00
                8  7.777778E-02  0.000000E+00  0.000000E+00
                9  8.888889E-02  0.000000E+00  0.000000E+00
               10  1.000000E-01  0.000000E+00  0.000000E+00
               11  1.111111E-01  0.000000E+00  0.000000E+00
               12  1.222222E-01  0.000000E+00  0.000000E+00
               13  1.333333E-01  0.000000E+00  0.000000E+00
               14  1.444445E-01  0.000000E+00  0.000000E+00
               15  1.555556E-01  0.000000E+00  0.000000E+00
               16  1.666667E-01  0.000000E+00  0.000000E+00
               17  1.777778E-01  0.000000E+00  0.000000E+00
               18  1.888889E-01  0.000000E+00  0.000000E+00
               19  2.000000E-01  0.000000E+00  0.000000E+00
               20  2.111111E-01  0.000000E+00  0.000000E+00
               21  2.222222E-01  0.000000E+00  0.000000E+00
               22  2.333333E-01  0.000000E+00  0.000000E+00
               23  2.444444E-01  0.000000E+00  0.000000E+00
               24  2.555556E-01  0.000000E+00  0.000000E+00
               25  2.666667E-01  0.000000E+00  0.000000E+00
               26  2.777778E-01  0.000000E+00  0.000000E+00
               27  2.888889E-01  0.000000E+00  0.000000E+00
               28  3.000000E-01  0.000000E+00  0.000000E+00
               29  3.111111E-01  0.000000E+00  0.000000E+00
               30  3.222222E-01  0.000000E+00  0.000000E+00
               31  3.333333E-01  0.000000E+00  0.000000E+00
               32  3.444445E-01  0.000000E+00  0.000000E+00
               33  3.555556E-01  0.000000E+00  0.000000E+00
               34  3.666667E-01  0.000000E+00  0.000000E+00
               35  3.777778E-01  0.000000E+00  0.000000E+00
               36  3.888889E-01  0.000000E+00  0.000000E+00
               37  4.000000E-01  0.000000E+00  0.000000E+00
               38  4.111111E-01  0.000000E+00  0.000000E+00
               39  4.222222E-01  0.000000E+00  0.000000E+00
               40  4.333333E-01  0.000000E+00  0.000000E+00
               41  4.444444E-01  0.000000E+00  0.000000E+00
               42  4.555556E-01  0.000000E+00  0.000000E+00
               43  4.666667E-01  0.000000E+00  0.000000E+00
               44  4.777778E-01  0.000000E+00  0.000000E+00
               45  4.888889E-01  0.000000E+00  0.000000E+00
               46  5.000000E-01  0.000000E+00  0.000000E+00
               47  5.111111E-01  0.000000E+00  0.000000E+00
               48  5.222222E-01  0.000000E+00  0.000000E+00
               49  5.333334E-01  0.000000E+00  0.000000E+00
               50  5.444444E-01  0.000000E+00  0.000000E+00
               51  5.555556E-01  0.000000E+00  0.000000E+00
               52  5.666667E-01  0.000000E+00  0.000000E+00
               53  5.777778E-01  0.000000E+00  0.000000E+00
               54  5.888889E-01  0.000000E+00  0.000000E+00
               55  6.000000E-01  0.000000E+00  0.000000E+00
               56  6.111111E-01  0.000000E+00  0.000000E+00
               57  6.222222E-01  0.000000E+00  0.000000E+00
               58  6.333333E-01  0.000000E+00  0.000000E+00
               59  6.444445E-01  0.000000E+00  0.000000E+00
               60  6.555555E-01  0.000000E+00  0.000000E+00
               61  6.666667E-01  0.000000E+00  0.000000E+00
               62  6.777778E-01  0.000000E+00  0.000000E+00
               63  6.888889E-01  0.000000E+00  0.000000E+00
               64  7.000000E-01  0.000000E+00  0.000000E+00
               65  7.111111E-01  0.000000E+00  0.000000E+00
               66  7.222223E-01  0.000000E+00  0.000000E+00
               67  7.333333E-01  0.000000E+00  0.000000E+00
               68  7.444445E-01  0.000000E+00  0.000000E+00
               69  7.555556E-01  0.000000E+00  0.000000E+00
               70  7.666667E-01  0.000000E+00  0.000000E+00
               71  7.777778E-01  0.000000E+00  0.000000E+00
               72  7.888889E-01  0.000000E+00  0.000000E+00
               73  8.000000E-01  0.000000E+00  0.000000E+00
               74  8.111112E-01  0.000000E+00  0.000000E+00
               75  8.222222E-01  0.000000E+00  0.000000E+00
               76  8.333334E-01  0.000000E+00  0.000000E+00
               77  8.444445E-01  0.000000E+00  0.000000E+00
               78  8.555556E-01  0.000000E+00  0.000000E+00
               79  8.666667E-01  0.000000E+00  0.000000E+00
               80  8.777778E-01  0.000000E+00  0.000000E+00
               81  8.888889E-01  0.000000E+00  0.000000E+00
               82  9.000000E-01  0.000000E+00  0.000000E+00
               83  9.111111E-01  0.000000E+00  0.000000E+00
               84  9.222223E-01  0.000000E+00  0.000000E+00
               85  9.333333E-01  0.000000E+00  0.000000E+00
               86  9.444445E-01  0.000000E+00  0.000000E+00
               87  9.555556E-01  0.000000E+00  0.000000E+00
               88  9.666667E-01  0.000000E+00  0.000000E+00
               89  9.777778E-01  0.000000E+00  0.000000E+00
               90  9.888889E-01  0.000000E+00  0.000000E+00
               91  1.000000E+00  0.000000E+00  0.000000E+00
               92  3.333333E-01  0.000000E+00  0.000000E+00
!
      $PART  NAME = ROD_1
       ROD_1
      $PART  NAME = ROD_2
       ROD_2

      $NSET NAME = F
        26

      $NSET NAME = RESULTS
        26 31 92

      $NSET NAME = N92
          92 
!
   $END STRUCTURE
!------
   $CONSTRAINTS  NAME = C_STEP_0
!
      $SUPPRESS  DOFS = 2,3  DOFTYPE = DISP
       ROD_1 ROD_2

      $SUPPRESS DOFS = 1
        1  91
!
   $END CONSTRAINTS
!------
   $SYSTEM  NAME = S_STEP_0
!
      $GEODAT FLANGE    CONT = SECTION NODES = ALL
       GD_ROD_1      1.714500E-03
       GD_ROD_2      1.714500E-03
!
      $GEODAT SPRING CONT = STIFF
       GD_K  1.E+09 0.0 0.0
  
      $GEODAT DAMPER CONT = DAMP
       GD_C  320.0 0.0 0.0

      $GEODAT SPRING CONT = FUNCTION
       GD_GAMMA 100

      $FUNCTION FORMULA FID = 100
        f(x) = 1.E+08*x**3  
!
      $ELPROP
       ROD_1         GEODAT = GD_ROD_1      MATERIAL = MAT_01
       ROD_2         GEODAT = GD_ROD_2      MATERIAL = MAT_01
       K             GEODAT = GD_K
       C             GEODAT = GD_C
       GAMMA         GEODAT = GD_GAMMA
!
   $END SYSTEM

    $LOADING NAME = L_STEP_1
  
       $CONLOAD LPAT = 1
          F 1:  7.5E6 ! Fig. 6  7.5 MN
!         F 1: 15.0E6 ! Fig. 7 15.0 MN

       $FREQLOAD 
          LPAT = 1 TYPE = COSINE

    $END LOADING

    $RESULTS NAME = R_STEP_1
 
       $FREQUENCY PRIMARY = EQUI
         6549.2259 6589.014644004467 1.5915494309189535

    $END RESULTS

    $RESULTS NAME = R_STEP_2
 
       $FREQUENCY PRIMARY = EQUI
         6549.2259 6589.014644004467 1.5915494309189535E-01

    $END RESULTS
!------
$EXIT COMPONENT
!------------------------------------
$ENTER MATERIAL
!------
   $MATERIAL  NAME = MAT_01  TYPE = ISO
!
      $ELASTIC  GENERAL  INPUT = DATA
        2.620000E+11  3.000000E-01
!
      $DENSITY  GENERAL  INPUT = DATA
        1.280000E+03
!
   $END MATERIAL
!------
$EXIT MATERIAL
!------------------------------------
$FIN
