$ENTER COMPONENT  NAME = DFLT_COMP  DOFTYPE = DISP MATH
!------
   $LOADING  NAME = L_STEP_1
!
      $DISLOAD LINE2D  LPAT = 2  IDS = ELGEO  FACTOR = -1.0 NODES = ALL  DOFTYPE = DISP
                1  4 :  3.000000E+02  0.000000E+00
               81  4 :  3.000000E+02  0.000000E+00
              161  4 :  3.000000E+02  0.000000E+00
              241  4 :  3.000000E+02  0.000000E+00
              321  4 :  3.000000E+02  0.000000E+00
              401  4 :  3.000000E+02  0.000000E+00
              481  4 :  3.000000E+02  0.000000E+00
              561  4 :  3.000000E+02  0.000000E+00
              641  4 :  3.000000E+02  0.000000E+00
              721  4 :  3.000000E+02  0.000000E+00
              801  4 :  3.000000E+02  0.000000E+00
              881  4 :  3.000000E+02  0.000000E+00
              961  4 :  3.000000E+02  0.000000E+00
             1041  4 :  3.000000E+02  0.000000E+00
             1121  4 :  3.000000E+02  0.000000E+00
             1201  4 :  3.000000E+02  0.000000E+00
             1281  4 :  3.000000E+02  0.000000E+00
             1361  4 :  3.000000E+02  0.000000E+00
             1441  4 :  3.000000E+02  0.000000E+00
             1521  4 :  3.000000E+02  0.000000E+00
             1601  4 :  3.000000E+02  0.000000E+00
             1681  4 :  3.000000E+02  0.000000E+00
             1761  4 :  3.000000E+02  0.000000E+00
             1841  4 :  3.000000E+02  0.000000E+00
             1921  4 :  3.000000E+02  0.000000E+00
             2001  4 :  3.000000E+02  0.000000E+00
             2081  4 :  3.000000E+02  0.000000E+00
             2161  4 :  3.000000E+02  0.000000E+00
             2241  4 :  3.000000E+02  0.000000E+00
             2321  4 :  3.000000E+02  0.000000E+00
             2401  4 :  3.000000E+02  0.000000E+00
             2481  4 :  3.000000E+02  0.000000E+00
             2561  4 :  3.000000E+02  0.000000E+00
             2641  4 :  3.000000E+02  0.000000E+00
             2721  4 :  3.000000E+02  0.000000E+00
             2801  4 :  3.000000E+02  0.000000E+00
             2881  4 :  3.000000E+02  0.000000E+00
             2961  4 :  3.000000E+02  0.000000E+00
             3041  4 :  3.000000E+02  0.000000E+00
             3121  4 :  3.000000E+02  0.000000E+00
             3201  4 :  3.000000E+02  0.000000E+00
             3281  4 :  3.000000E+02  0.000000E+00
             3361  4 :  3.000000E+02  0.000000E+00
             3441  4 :  3.000000E+02  0.000000E+00
             3521  4 :  3.000000E+02  0.000000E+00
             3601  4 :  3.000000E+02  0.000000E+00
             3681  4 :  3.000000E+02  0.000000E+00
             3761  4 :  3.000000E+02  0.000000E+00
             3841  4 :  3.000000E+02  0.000000E+00
             3921  4 :  3.000000E+02  0.000000E+00
             4001  4 :  3.000000E+02  0.000000E+00
             4081  4 :  3.000000E+02  0.000000E+00
             4161  4 :  3.000000E+02  0.000000E+00
             4241  4 :  3.000000E+02  0.000000E+00
             4321  4 :  3.000000E+02  0.000000E+00
             4401  4 :  3.000000E+02  0.000000E+00
             4481  4 :  3.000000E+02  0.000000E+00
             4561  4 :  3.000000E+02  0.000000E+00
             4641  4 :  3.000000E+02  0.000000E+00
             4721  4 :  3.000000E+02  0.000000E+00
             4801  4 :  3.000000E+02  0.000000E+00
             4881  4 :  3.000000E+02  0.000000E+00
             4961  4 :  3.000000E+02  0.000000E+00
             5041  4 :  3.000000E+02  0.000000E+00
             5121  4 :  3.000000E+02  0.000000E+00
             5201  4 :  3.000000E+02  0.000000E+00
             5281  4 :  3.000000E+02  0.000000E+00
             5361  4 :  3.000000E+02  0.000000E+00
             5441  4 :  3.000000E+02  0.000000E+00
             5521  4 :  3.000000E+02  0.000000E+00
             5601  4 :  3.000000E+02  0.000000E+00
             5681  4 :  3.000000E+02  0.000000E+00
             5761  4 :  3.000000E+02  0.000000E+00
             5841  4 :  3.000000E+02  0.000000E+00
             5921  4 :  3.000000E+02  0.000000E+00
             6001  4 :  3.000000E+02  0.000000E+00
             6081  4 :  3.000000E+02  0.000000E+00
             6161  4 :  3.000000E+02  0.000000E+00
             6241  4 :  3.000000E+02  0.000000E+00
             6321  4 :  3.000000E+02  0.000000E+00
!
   $END LOADING
!------
$EXIT COMPONENT
!------------------------------------
$FIN
