$ENTER COMPONENT  NAME = DFLT_COMP  DOFTYPE = DISP MATH
!------
   $STRUCTURE
!
      $NSET NAME = HULL
                1          2          3          4          5          6          7          8          9         10         11         12         13         14
               15         16         17         18         19         20         21         22         23         24         25         26         27         29
               30         31         32         33         34         42         43         45         46         47         48         49         50         51
               52         53         54         55         56         57         58         59         60         61         62         63         64         65
               66         67         68         69         70         71         72         73         74         75         76         77         78         79
               80         81         82         83         84         85         86         87         88         89         90         91         92         93
               94         95         96         97         98         99        100        101        102        103        104        105        106        107
              108        109        110        111        112        113        114        115        116        117        118        119        120        121
              122        123        124        125        126        127        128        129        130        131        132        133        134        135
              136        137        138        139        140        141        142        143        144        145        146        147        148        149
              150        151        152        153        154        155        156        157        158        159        160        161        162        163
              164        165        166        167        168        169        170        171        172        173        174        175        176        177
              178        179        180        181        182        183        184        185        186        187        188        189        190        191
              192        193        194        195        196        197        198        199        200        201        202        203        204        205
              206        207        208        209        210        211        212        213        214        215        216        217        218        219
              220        221        222        223        224        225        226        227        228        229        230        231        232        233
              234        235        236        237        238        239        240        241        242        243        244        245        246        247
              248        249        250        251        252        253        254        255        256        257        258        259        260        261
              262        263        264        265        266        267        268        269        270        271        272        273        274        275
              276        277        278        279        280        281        282        283        284        285        286        287        288        289
              290        291        292        293        294        295        296        297        298        299        300        301        302        303
              304        305        306        307        308        309        310        311        312        313        314        315        316        317
              318        319        320        321        322        323        324        325        326        327        328        329        330        331
              332        333        334        335        336        337        338        339        340        341        342        343        344        345
              346        347        348        349        350        351        352        353        354        355        356        357        358        359
              360        361        362        363        364        365        366        367        368        369        370        371        372        373
              374        375        376        377        378        379        380        381        382        383        384        385        386        387
              388        389        390        391        399        400        401        402        403        404        405        406        407        408
              409        410        411        412        420        421        422        423        424        425        426        427        428        429
              430        431        432        433        434        435        436        437        438        439        440        441        442        443
              444        445        446        447        455        456        457        458        459        460        461        462        463        464
              465        466        467        468        469        470        471        472        473        474        475        476        477        478
              479        480        481        482        648        649        650        651        652        653        654        655        656        667
              668        669        670        671        672        673        674        675        711        712        713        714        715        716
              717        718        719        720        721        722        723        724        725        726        727        728        729        730
              731        732        733        734        735        736        737        738        739        740        741        742        743        744
              745        746        747        748        752        753        754        755        756        757        758        759        760        771
              772        773        774        775        776        777        778        779        787        788        789        790        791        792
              793        794        795        796        797        798        799        800        801        802        803        804        805        806
              807        808        809        810        811        812        813        814        815        816        817        818        819        820
              821        822        823        824        825        826        827        828        829        830        831        832        833        834
              835        836        837        838        839        840        841        842        843        844        845        846        847        848
              849        850        851        852        853        854        855        856        857        858        859        860        861        862
              863        864        865        866        874        875        876        877        878        879        880        881        882        883
              884        885        886        887        895        896        897        898        899        900        901        902        903        904
              905        906        907        908        909        910        911        912        913        914        915        923        924        925
              926        927        928        929        930        931        932        933        934        935        936        937        938        939
              940        941        942        943        944        945        946        947        948        949        950        951        952        953
              954        955        956        957        965        966        967        968        969        970        971        972        973        974
              975        976        977        978        979        980        981        982        990        991        992        993        994        995
              996        997        998        999       1000       1001       1002       1003       1004       1005       1006       1007       1008       1009
             1010       1011       1012       1013       1014       1015       1016       1017       1025       1026       1027       1028       1029       1030
             1031       1032       1033       1034       1035       1036       1037       1038       1039       1040       1041       1042       1043       1044
             1045       1053       1054       1055       1056       1057       1058       1059       1060       1061       1062       1063       1064       1065
             1066       1067       1068       1069       1070       1071       1072       1073       1074       1075       1076       1077       1078       1079
             1080       1081       1082       1083       1084       1085       1086       1087       1095       1096       1097       1098       1099       1100
             1101       1102       1103       1104       1105       1106       1107       1108       1109       1110       1111       1112       1113       1114
             1115       1116       1117       1118       1119       1120       1121       1122       1123       1124       1125       1126       1127       1128
             1129       1130       1131       1139       1140       1141       1142       1143       1144       1145       1146       1147       1148       1149
             1150       1151       1152       1153       1154       1155       1156       1157       1158       1159       1160       1161       1162       1163
             1164       1165       1166       1167       1168       1169       1170       1171       1172       1173       1174       1175       1176       1177
             1178       1179       1180       1181       1182       1183       1184       1185       1186       1187       1188       1189       1190       1191
             1192       1193       1194       1195       1196       1197       1198       1199       1200       1201       1202       1203       1204       1205
             1206       1207       1208       1209       1210       1211       1212       1213       1214       1215       1216       1217       1218       1219
             1220       1221       1222       1223       1224       1225       1226       1227       1228       1229       1230       1231       1232       1233
             1234       1235       1236       1237       1238       1239       1240       1241       1242       1243       1244       1245       1246       1247
             1248       1249       1250       1251       1252       1253       1254       1255       1256       1257       1258       1259       1260       1261
             1262       1263       1264       1265       1266       1267       1268       1269       1270       1271       1272       1273       1274       1275
             1276       1277       1278       1279       1280       1281       1282       1283       1284       1285       1286       1287       1288       1289
             1290       1291       1292       1293       1294       1295       1296       1297       1298       1299       1300       1301       1302       1303
             1304       1305       1306       1307       1308       1309       1310       1311       1312       1313       1314       1315       1316       1317
             1318       1319       1320       1321       1322       1323       1324       1325       1326       1327       1328       1329       1330       1331
             1332       1333       1334       1335       1336       1337       1338       1339       1340       1341       1342       1343       1344       1345
             1346       1347       1348       1349       1350       1351       1352       1353       1354       1355       1356       1357       1358       1359
             1360       1361       1362       1363       1364       1365       1366       1367       1368       1369       1370       1371       1372       1373
             1374       1375       1376       1377       1378       1379       1380       1381       1382       1383       1384       1385       1386       1387
             1388       1389       1390       1391       1392       1393       1394       1395       1396       1397       1398       1399       1400       1401
             1402       1403       1404       1405       1406       1407       1408       1409       1410       1411       1412       1413       1414       1415
             1416       1417       1418       1419       1420       1421       1422       1423       1424       1425       1426       1427       1428       1429
             1430       1431       1432       1433       1434       1435       1436       1437       1438       1439       1440       1441       1442       1443
             1444       1445       1446       1447       1448       1449       1450       1451       1452       1453       1454       1455       1456       1457
             1458       1459       1460       1461       1462       1463       1464       1465       1466       1467       1468       1469       1470       1471
             1472       1473       1474       1475       1476       1477       1478       1479       1480       1481       1482       1483       1484       1485
             1486       1487       1488       1489       1490       1491       1492       1493       1494       1495       1496       1497       1498       1499
             1500       1501       1502       1503       1504       1505       1506       1507       1508       1509       1510       1511       1512       1513
             1514       1515       1516       1517       1518       1519       1520       1521       1522       1523       1524       1525       1526       1527
             1528       1529       1530       1531       1532       1533       1534       1535       1536       1537       1538       1539       1540       1541
             1542       1543       1544       1545       1546       1547       1548       1549       1550       1551       1552       1553       1554       1555
             1556       1557       1558       1559       1560       1561       1562       1563       1564       1565       1566       1567       1568       1569
             1570       1571       1572       1573       1574       1575       1576       1577       1578       1579       1580       1581       1582       1583
             1584       1585       1586       1587       1588       1589       1590       1591       1592       1593       1594       1595       1596       1597
             1598       1599       1600       1601       1602       1603       1604       1605       1606       1607       1608       1609       1610       1611
             1612       1613       1614       1615       1616       1617       1618       1619       1620       1621       1622       1623       1624       1625
             1626       1627       1628       1629       1630       1631       1632       1633       1634       1635       1636       1637       1638       1639
             1640       1641       1642       1643       1644       1645       1646       1647       1648       1649       1650       1651       1652       1653
             1654       1655       1656       1657       1658       1659       1660       1661       1662       1663       1664       1665       1666       1667
             1668       1669       1670       1671       1672       1673       1674       1675       1676       1677       1678       1679       1680       1681
             1682       1683       1684       1685       1686       1687       1688       1689       1690       1691       1692       1693       1694       1695
             1696       1697       1698       1699       1700       1701       1702       1703       1704       1705       1706       1707       1708       1709
             1710       1711       1712       1713       1714       1715       1716       1717       1718       1719       1720       1721       1722       1723
             1724       1725       1726       1727       1728       1729       1730       1731       1732       1733       1734       1735       1736       1737
             1738       1739       1740       1741       1742       1743       1744       1745       1746       1747       1748       1749       1750       1751
             1752       1753       1754       1755       1756       1757       1758       1759       1760       1761       1762       1763       1764       1765
             1766       1767       1768       1769       1770       1771       1772       1773       1774       1775       1776       1777       1778       1779
             1780       1781       1782       1783       1784       1785       1786       1787       1788       1789       1790       1791       1792       1793
             1794       1795       1796       1797       1798       1799       1800       1801       1802       1803       1804       1805       1806       1807
             1808       1809       1810       1811       1812       1813       1814       1815       1816       1817       1818       1819       1820       1821
             1822       1823       1824       1825       1826       1827       1828       1829       1830       1831       1832       1833       1834       1835
             1836       1837       1838       1839       1840       1841       1842       1843       1844       1845       1846       1847       1848       1849
             1850       1851       1852       1853       1854       1855       1856       1857       1858       1859       1860       1861       1862       1863
             1864       1865       1866       1867       1868       1869       1870       1871       1872       1873       1874       1875       1876       1877
             1878       1879       1880       1881       1882       1883       1884       1885       1886       1887       1888       1889       1890       1891
             1892       1893       1894       1895       1896       1897       1898       1899       1900       1901       1902       1903       1904       1905
             1906       1907       1908       1909       1910       1911       1912       1913       1914       1915       1916       1917       1918       1919
             1920       1921       1943       1944       1945       1946       1947       1948       1949       1950       1951       1952       1953       1954
             1955       1956       1957       1958       1959       1960       1961       1962       1963       1964       1965       1966       1967       1968
             1969       1970       1971       1972       1973       1974       1975       1976       1977       1978       1979       1980       1981       1982
             1983       1984       1985       1986       1987       1988       1989       1990       1991       1992       1993       1994       1995       1996
             1997       1998       1999       2000       2001       2002       2003       2004       2005       2090       2091       2092       2093       2094
             2095       2096       2097       2098       2099       2100       2101       2102       2103       2104       2105       2106       2107       2108
             2109       2110       2111       2112       2113       2114       2115       2116       2117       2118       2119       2120       2121       2122
             2123       2124       2125       2126       2127       2128       2129       2130       2131       2132       2133       2134       2135       2136
             2137       2138       2139       2140       2141       2142       2143       2144       2145       2146       2147       2148       2149       2150
             2151       2152       2153       2154       2155       2156       2157       2158       2159       2160       2161       2162       2163       2164
             2165       2166       2167       2168       2169       2170       2171       2172       2173       2174       2175       2176       2177       2178
             2179       2264       2265       2266       2267       2268       2269       2270       2271       2272       2273       2274       2275       2276
             2277       2278       2279       2280       2281       2282       2283       2284       2285       2286       2287       2288       2289       2290
             2291       2292       2293       2294       2295       2296       2297       2298       2299       2300       2301       2302       2303       2304
             2305       2306       2307       2308       2309       2310       2311       2312       2313       2314       2315       2316       2317       2318
             2319       2320       2321       2322       2323       2324       2325       2326       2327       2328       2329       2330       2331       2332
             2333       2334       2335       2336       2337       2338       2339       2340       2341       2342       2343       2344       2345       2346
             2347       2348       2349       2350       2351       2352       2353       2438       2439       2440       2441       2442       2443       2444
             2445       2446       2447       2448       2449       2450       2451       2452       2453       2454       2455       2456       2457       2458
             2459       2460       2461       2462       2463       2464       3932       3933       3934       3935       3936       3937       3938       3939
             3940       3941       3942       3943       3944       3945       3946       3947       3948       3949       3950       3951       3952       3953
             3954       3955       3956       3957       3958       3959       3960       3961       3962       3963       3964       3965       3966       3967
             3968       3969       3970       3971       3972       3973       3974       3975       3976       3977       3978       3979       3980       3981
             3982       3983       3984       3985       3986       3987       3988       3989       3990       3991       3992       3993       3994       4016
             4017       4018       4019       4020       4021       4022       4023       4024       4025       4026       4027       4028       4029       4030
             4031       4032       4033       4034       4035       4036       4037       4038       4039       4040       4041       4042       4043       4044
             4045       4046       4047       4048       4049       4050       4051       4052       4053       4054       4055       4056       4057       4058
             4059       4060       4061       4062       4063       4064       4065       4066       4067       4068       4069       4070       4071       4072
             4073       4074       4075       4076       4077       4078       4079       4080       4081       4082       4083       4084       4085       4086
             4087       4088       4089       4090       4091       4092       4093       4094       4095       4096       4097       4098       4099       4100
             4101       4102       4103       4104       4105       4127       4128       4129       4130       4131       4132       4133       4134       4135
             4136       4137       4138       4139       4140       4141       4142       4143       4144       4145       4146       4147       4148       4149
             4150       4151       4152       4153       4466       4467       4468       4469       4470       4471       4472       4473       4474       4475
             4476       4477       4478       4479       4480       4481       4482       4483       4484       4485       4486       4487       4488       4489
             4490       4491       4492       4493       4494       4495       4496       4497       4498       4499       4500       4501       4502       4503
             4504       4505       4506       4507       4508       4509       4510       4511       4512       4513       4514       4515       4516       4517
             4518       4519       4520       4521       4522       4523       4524       4525       4526       4527       4528       4550       4551       4552
             4553       4554       4555       4556       4557       4558       4559       4560       4561       4562       4563       4564       4565       4566
             4567       4568       4569       4570       4571       4572       4573       4574       4575       4576       4577       4578       4579       4580
             4581       4582       4583       4584       4585       4586       4587       4588       4589       4590       4591       4592       4593       4594
             4595       4596       4597       4598       4599       4600       4601       4602       4603       4604       4605       4606       4607       4608
             4609       4610       4611       4612       4613       4614       4615       4616       4617       4618       4619       4620       4621       4622
             4623       4624       4625       4626       4627       4628       4629       4630       4631       4632       4633       4634       4635       4636
             4637       4638       4639       4661       4662       4663       4664       4665       4666       4667       4668       4669       4670       4671
             4672       4673       4674       4675       4676       4677       4678       4679       4680       4681       4682       4683       4684       4685
             4686       4687       4688       4689       4690       4691       4692       4693       4694       4695       4696       4697       4698       4699
             4700       4701       4702       4703       4704       4705       4706       4707       4708       4709       4710       4711       4712       4713
             4714       4715       4716       4717       4718       4719       4720       4721       4722       4723       4724       4725       4726       4727
             4728       4729       4730       4731       4732       4733       4734       4735       4736       4737       4738       4739       4740       4741
             4742       4743       4744       4745       4746       4747       4748       4749       4750       4751       4752       4753       4754       4755
             4756       4757       4758       4759       4760       4761       4762       4763       4764       4765       4766       4767       4768       4769
             4770       4771       4772       4773       4774       4775       4776       4777       4799       4800       4801       4802       4803       4804
             4805       4806       4807       4808       4809       4810       4811       4812       4813       4814       4815       4816       4817       4818
             4819       4820       4821       4822       4823       4824       4825       4826       4827       4828       4829       4830       4831       4832
             4833       4834       4835       4836       4837       4838       4839       4840       4841       4842       4843       4844       4845       4846
             4847       4848       4849       4850       4851       4852       4853       4854       4855       4856       4857       4858       4859       4860
             4861       4946       4947       4948       4949       4950       4951       4952       4953       4954       4955       4956       4957       4958
             4959       4960       4961       4962       4963       4964       4965       4966       4967       4968       4969       4970       4971       4972
             5036       5037       5038       5039       5040       5041       5042       5043       5044       5045       5046       5047       5048       5049
             5050       5051       5052       5053       5054       5055       5056       5057       5058       5059       5060       5061       5062       5063
             5064       5065       5066       5067       5068       5069       5070       5071       5072       5073       5074       5075       5076       5077
             5078       5079       5080       5081       5082       5083       5084       5085       5086       5087       5088       5089       5090       5091
             5092       5093       5094       5095       5096       5097       5098       5120       5121       5122       5123       5124       5125       5126
             5127       5128       5129       5130       5131       5132       5133       5134       5135       5136       5137       5138       5139       5140
             5141       5142       5143       5144       5145       5146       5147       5148       5149       5150       5151       5152       5153       5154
             5155       5156       5157       5158       5159       5160       5161       5162       5163       5164       5165       5166       5167       5168
             5169       5170       5171       5172       5173       5174       5175       5176       5177       5178       5179       5180       5181       5182
             5183       5184       5185       5186       5187       5188       5189       5190       5191       5192       5193       5194       5195       5196
             5197       5198       5199       5200       5201       5202       5203       5204       5205       5206       5207       5208       5209       5294
             5295       5296       5297       5298       5299       5300       5301       5302       5303       5304       5305       5306       5307       5308
             5309       5310       5311       5312       5313       5314       5315       5316       5317       5318       5319       5320       5447       5448
             5449       5450       5451       5452       5453       5454       5455       5456       5457       5458       5459       5460       5461       5462
             5463       5464       5465       5466       5467       5468       5469       5470       5471       5472       5473       5474       5475       5476
             5477       5478       5479       5480       5481       5482       5483       5484       5485       5486       5487       5488       5489       5490
             5491       5492       5493       5494       5495       5496       5497       5498       5499       5500       5501       5502       5503       5504
             5505       5506       5507       5508       5509       5510       5511       5512       5513       5514       5515       5516       5517       5518
             5519       5520       5521       5522       5523       5524       5525       5526       5527       5528       5529       5530       5531       5532
             5533       5534       5535       5536       5537       5538       5539       5540       5541       5542       5543       5544       5545       5546
             5547       5548       5549       5550       5551       5552       5553       5554       5555       5556       5557       5558       5559       5560
             5561       5562       5563       5564       5565       5566       5567       5568       5569       5570       5571       5572       5573       5574
             5575       5576       5577       5578       5579       5580       5581       5582       5583       5584       5585       5586       5587       5588
             5589       5590       5675       5676       5677       5678       5679       5680       5681       5682       5683       5684       5685       5686
             5687       5688       5689       5690       5691       5692       5693       5694       5695       5696       5697       5698       5699       5700
             5701       5723       5724       5725       5726       5727       5728       5729       5730       5731       5732       5733       5734       5735
             5736       5737       5738       5739       5740       5741       5742       5743       5744       5745       5746       5747       5748       5749
             5750       5751       5752       5753       5754       5755       5756       5757       5758       5759       5760       5761       5762       5763
             5764       5765       5766       5767       5768       5769       5770       5771       5772       5773       5774       5775       5776       5777
             5778       5779       5780       5781       5782       5783       5784       5785       5849       5850       5851       5852       5853       5854
             5855       5856       5857       5858       5859       5860       5861       5862       5863       5864       5865       5866       5867       5868
             5869       5870       5871       5872       5873       5874       5875       5876       5877       5878       5879       5880       5881       5882
             5883       5884       5885       5886       5887       5888       5889       5890       5891       5892       5893       5894       5895       5896
             5897       5898       5899       5900       5901       5902       5903       5904       5905       5906       5907       5908       5909       5910
             5911       5912       5913       5914       5915       5916       5917       5918       5919       5920       5921       5922       5923       5924
             5925       5926       5927       5928       5929       5930       5931       5932       5933       5934       5935       5936       5937       5938
             6023       6024       6025       6026       6027       6028       6029       6030       6031       6032       6033       6034       6035       6036
             6037       6038       6039       6040       6041       6042       6043       6044       6045       6046       6047       6048       6049       6113
             6114       6115       6116       6117       6118       6119       6120       6121       6122       6123       6124       6125       6126       6127
             6128       6129       6130       6131       6132       6133       6134       6135       6136       6137       6138       6139       6140       6141
             6142       6143       6144       6145       6146       6147       6148       6149       6150       6151       6152       6153       6154       6155
             6156       6157       6158       6159       6160       6161       6162       6163       6164       6165       6166       6167       6168       6169
             6170       6171       6172       6173       6174       6175       6176       6177       6178       6179       6180       6181       6182       6183
             6184       6185       6186       6187       6188       6189       6190       6191       6192       6193       6194       6195       6196       6197
             6198       6199       6200       6201       6202       6203       6204       6205       6206       6207       6208       6209       6210       6211
             6212       6213       6214       6215       6216       6217       6218       6219       6220       6221       6222       6223       6224       6225
             6226       6227       6228       6229       6230       6231       6232       6233       6234       6235       6236       6237       6238       6239
             6240       6241       6242       6243       6244       6245       6246       6247       6248       6249       6250       6251       6252       6253
             6254       6255       6256       6341       6342       6343       6344       6345       6346       6347       6348       6349       6350       6351
             6352       6353       6354       6355       6356       6357       6358       6359       6360       6361       6362       6363       6364       6365
             6366       6367       6368       6369       6370       6371       6372       6373       6374       6375       6376       6377       6378       6379
             6380       6381       6382       6383       6384       6385       6386       6387       6388       6389       6390       6391       6392       6393
             6394       6395       6396       6397       6398       6399       6400       6401       6402       6403       6404       6405       6406       6407
             6408       6409       6410       6411       6412       6413       6414       6415       6416       6417       6418       6419       6420       6421
             6422       6423       6424       6425       6426       6427       6428       6429       6430       6494       6495       6496       6497       6498
             6499       6500       6501       6502       6503       6504       6505       6506       6507       6508       6509       6510       6511       6512
             6513       6514       6515       6516       6517       6518       6519       6520       6584       6585       6586       6587       6588       6589
             6590       6591       6592       6593       6594       6595       6596       6597       6598       6599       6600       6601       6602       6603
             6604       6605       6606       6607       6608       6609       6610       6611       6612       6613       6614       6615       6616       6617
             6618       6619       6620       6621       6622       6623       6624       6625       6626       6627       6628       6629       6630       6631
             6632       6633       6634       6635       6636       6637       6638       6639       6640       6641       6642       6643       6644       6645
             6646       6647       6648       6649       6650       6651       6652       6653       6654       6655       6656       6657       6658       6659
             6660       6661       6662       6663       6664       6665       6666       6667       6668       6669       6670       6671       6672       6673
             6674       6675       6676       6677       6678       6679       6680       6681       6682       6683       6684       6685       6686       6687
             6688       6689       6690       6691       6692       6693       6694       6695       6696       6697       6698       6699       6700       6701
             6702       6703       6704       6705       6706       6707       6708       6709       6710       6711       6712       6713       6714       6715
             6716       6717       6718       6719       6720       6721       6722       6723       6724       6725       6726       6727       6728       6729
             6730       6731       6732       6733       6734       6735       6736       6737       6738       6739       6740       6741       6742       6743
             6744       6745
!
   $END STRUCTURE
!------
$EXIT COMPONENT
!------------------------------------
$FIN
