$ENTER COMPONENT  NAME = DFLT_COMP  DOFTYPE = DISP MATH
!------
   $SITUATION  NAME = STEP_1
      DFLT_COMP  CONSTRAINTS = C_STEP_1  SYSTEM = S_STEP_1  LOADING = L_STEP_1
   $END SITUATION
!
   $STRUCTURE
!
      $MPC ISURFACE  DPDOFS = 1,2,3,4,5,6  DPITYP = NODE  DOFTYPE = DISP
                1 HULL        : RIBS_COUPL
                2 HULL        : SPARS_COUPL
!
      $NSET NAME = CLAMPED
              338        339        736        737       1186       1187       1188       1189       1190       1412       1413       1414       1415       1416
             1417       1418       1419       1420       1421       1422       1423       1424       1425       1426       1427       1428       1429       1430
             1454       1455       1456       1457       1458       1459       1460       1461       1462       1463       1464       1465       1466       1467
             1468       1469       1470       1471       1472       1473       1474       1475
      $NSET NAME = RIBS_COUPL
                1          4          5          6          7          8          9         10         11         12         13         14         15         16
               17         18         19         20         23         24         25         26         27         28         29         30         31         32
               33         34         35         36         37         38         69         72         73         74         75         76         77         78
               79         80         81         82         83         84         85         86         89         90         91         92         93         94
               95         96         97         98         99        100        101        102        129        132        133        134        135        136
              137        138        139        140        141        142        143        144        145        146        149        150        151        152
              153        154        155        156        157        158        159        160        161        162        189        192        193        194
              195        196        197        198        199        200        201        202        203        204        207        208        209        210
              211        212        213        214        215        216        217        218        241        244        245        246        247        248
              249        250        251        252        253        254        255        258        259        260        261        262        263        264
              265        266        267        268        289        292        293        294        295        296        297        298        299        300
              301        302        303        306        307        308        309        310        311        312        313        314        315        316
             1135       1136       1137       1138       1139       1140       1141       1142       1143       1144       1145       1146       1147       1148
             1149       1150       1151       1152       1153       1154       1155       1156       1157       1158       1159       1160       1161       1162
             1163       1164       1165       1166       1167       1168       1169       1170
      $NSET NAME = SPARS_COUPL
              337        340        341        342        343        344        345        346        347        348        349        350        351        352
              353        354        355        356        357        358        359        360        361        362        363        364        365        366
              367        368        369        370        371        372        373        374        375        376        377        378        379        380
              381        382        383        384        385        386        387        388        389        390        391        392        393        394
              395        396        397        398        399        400        401        402        403        404        405        406        407        408
              409        410        411        412        413        414        415        416        417        418        419        420        421        422
              423        424        425        426        427        428        429        430        431        432        433        434        435        436
              437        438        439        441        442        443        444        445        446        447        448        449        450        451
              452        453        454        455        456        457        458        459        460        461        462        463        464        465
              466        467        468        469        470        471        472        473        474        475        476        477        478        479
              480        481        482        483        484        485        486        487        488        489        490        491        492        493
              494        495        496        497        498        499        500        501        502        503        504        505        506        507
              508        509        510        511        512        513        514        515        516        517        518        519        520        521
              522        523        524        525        526        527        528        529        530        531        532        533        534        535
              536        537        538        539        735        738        739        740        741        742        743        744        745        746
              747        748        749        750        751        752        753        754        755        756        757        758        759        760
              761        762        763        764        765        766        767        768        769        770        771        772        773        774
              775        776        777        778        779        780        781        782        783        784        785        786        787        788
              789        790        791        792        793        794        795        796        797        798        799        800        801        802
              803        804        805        806        807        808        809        810        811        812        813        814        815        816
              817        818        819        820        821        822        823        824        825        826        827        828        829        830
              831        832        833        834        835        836        837        840        841        842        843        844        845        846
              847        848        849        850        851        852        853        854        855        856        857        858        859        860
              861        862        863        864        865        866        867        868        869        870        871        872        873        874
              875        876        877        878        879        880        881        882        883        884        885        886        887        888
              889        890        891        892        893        894        895        896        897        898        899        900        901        902
              903        904        905        906        907        908        909        910        911        912        913        914        915        916
              917        918        919        920        921        922        923        924        925        926        927        928        929        930
              931        932        933        934        935        936        937        938
!
   $END STRUCTURE
!------
   $CONSTRAINTS  NAME = C_STEP_1
!
      $SUPPRESS  DOFS = 1,2,3,4,5,6  DOFTYPE = DISP
       CLAMPED
!
   $END CONSTRAINTS
!------
   $SYSTEM  NAME = S_STEP_1
!
      $GEODAT SHELL     CONT = THICK      NODES = ALL
       GD_RIBS       3.000000E+00
       GD_SKIN       3.000000E+00
       GD_SPARS      3.000000E+00
!
      $ELPROP
       RIBS          GEODAT = GD_RIBS       MATERIAL = ALUMINUM
       SKIN          GEODAT = GD_SKIN       MATERIAL = ALUMINUM
       SPARS         GEODAT = GD_SPARS      MATERIAL = ALUMINUM
       OUTER_RIB     GEODAT = GD_RIBS       MATERIAL = ALUMINUM
!
   $END SYSTEM
!------
   $LOADING  NAME = L_STEP_1
!
      $DISLOADS PRESS  LPAT = 1  DOFTYPE = DISP
       LOWER  5.000000E-04
!
   $END LOADING
!------
$EXIT COMPONENT
!------------------------------------
$ENTER MATERIAL
!------
   $MATERIAL  NAME = ALUMINUM  TYPE = ISO
!
      $DENSITY  GENERAL  INPUT = DATA
        2.700000E-09
!
      $ELASTIC  GENERAL  INPUT = DATA
        6.800000E+04  3.500000E-01
!
   $END MATERIAL
!------
$EXIT MATERIAL
!------------------------------------
$FIN
