$ENTER COMPONENT  NAME = DFLT_COMP  DOFTYPE = DISP MATH
!------
   $SITUATION  NAME = STEP_1
      DFLT_COMP  CONSTRAINTS = C_STEP_1  SYSTEM = S_STEP_1  LOADING = L_STEP_1
   $END SITUATION
!
   $SITUATION  NAME = STEP_2
      DFLT_COMP  CONSTRAINTS = C_STEP_1  SYSTEM = S_STEP_1  
   $END SITUATION
!
   $STRUCTURE
!
      $SURFACE ELEMENTS  SURFID =          1  SYSTEM = LOCAL
             3001          2
             3002          2
             3003          2
             3004          2
             3005          2
             3006          2
             3007          2
             3008          2
             3009          2
             3010          2
             3041          2
             3042          2
             3043          2
             3044          2
             3045          2
             3046          2
             3047          2
             3048          2
             3049          2
             3050          2
             3081          2
             3082          2
             3083          2
             3084          2
             3085          2
             3086          2
             3087          2
             3088          2
             3089          2
             3090          2
             3121          2
             3122          2
             3123          2
             3124          2
             3125          2
             3126          2
             3127          2
             3128          2
             3129          2
             3130          2
             3161          2
             3162          2
             3163          2
             3164          2
             3165          2
             3166          2
             3167          2
             3168          2
             3169          2
             3170          2
             3201          2
             3202          2
             3203          2
             3204          2
             3205          2
             3206          2
             3207          2
             3208          2
             3209          2
             3210          2
             3241          2
             3242          2
             3243          2
             3244          2
             3245          2
             3246          2
             3247          2
             3248          2
             3249          2
             3250          2
             3281          2
             3282          2
             3283          2
             3284          2
             3285          2
             3286          2
             3287          2
             3288          2
             3289          2
             3290          2
             3321          2
             3322          2
             3323          2
             3324          2
             3325          2
             3326          2
             3327          2
             3328          2
             3329          2
             3330          2
             3361          2
             3362          2
             3363          2
             3364          2
             3365          2
             3366          2
             3367          2
             3368          2
             3369          2
             3370          2
             3401          2
             3402          2
             3403          2
             3404          2
             3405          2
             3406          2
             3407          2
             3408          2
             3409          2
             3410          2
             3441          2
             3442          2
             3443          2
             3444          2
             3445          2
             3446          2
             3447          2
             3448          2
             3449          2
             3450          2
             3481          2
             3482          2
             3483          2
             3484          2
             3485          2
             3486          2
             3487          2
             3488          2
             3489          2
             3490          2
             3521          2
             3522          2
             3523          2
             3524          2
             3525          2
             3526          2
             3527          2
             3528          2
             3529          2
             3530          2
             3561          2
             3562          2
             3563          2
             3564          2
             3565          2
             3566          2
             3567          2
             3568          2
             3569          2
             3570          2
             3601          2
             3602          2
             3603          2
             3604          2
             3605          2
             3606          2
             3607          2
             3608          2
             3609          2
             3610          2
             3641          2
             3642          2
             3643          2
             3644          2
             3645          2
             3646          2
             3647          2
             3648          2
             3649          2
             3650          2
             3681          2
             3682          2
             3683          2
             3684          2
             3685          2
             3686          2
             3687          2
             3688          2
             3689          2
             3690          2
             3721          2
             3722          2
             3723          2
             3724          2
             3725          2
             3726          2
             3727          2
             3728          2
             3729          2
             3730          2
             3761          2
             3762          2
             3763          2
             3764          2
             3765          2
             3766          2
             3767          2
             3768          2
             3769          2
             3770          2
             3801          2
             3802          2
             3803          2
             3804          2
             3805          2
             3806          2
             3807          2
             3808          2
             3809          2
             3810          2
             3841          2
             3842          2
             3843          2
             3844          2
             3845          2
             3846          2
             3847          2
             3848          2
             3849          2
             3850          2
             3881          2
             3882          2
             3883          2
             3884          2
             3885          2
             3886          2
             3887          2
             3888          2
             3889          2
             3890          2
             3921          2
             3922          2
             3923          2
             3924          2
             3925          2
             3926          2
             3927          2
             3928          2
             3929          2
             3930          2
             3961          2
             3962          2
             3963          2
             3964          2
             3965          2
             3966          2
             3967          2
             3968          2
             3969          2
             3970          2
             4001          2
             4002          2
             4003          2
             4004          2
             4005          2
             4006          2
             4007          2
             4008          2
             4009          2
             4010          2
             4041          2
             4042          2
             4043          2
             4044          2
             4045          2
             4046          2
             4047          2
             4048          2
             4049          2
             4050          2
             4081          2
             4082          2
             4083          2
             4084          2
             4085          2
             4086          2
             4087          2
             4088          2
             4089          2
             4090          2
             4121          2
             4122          2
             4123          2
             4124          2
             4125          2
             4126          2
             4127          2
             4128          2
             4129          2
             4130          2
             4161          2
             4162          2
             4163          2
             4164          2
             4165          2
             4166          2
             4167          2
             4168          2
             4169          2
             4170          2
             4201          2
             4202          2
             4203          2
             4204          2
             4205          2
             4206          2
             4207          2
             4208          2
             4209          2
             4210          2
             4241          2
             4242          2
             4243          2
             4244          2
             4245          2
             4246          2
             4247          2
             4248          2
             4249          2
             4250          2
             4281          2
             4282          2
             4283          2
             4284          2
             4285          2
             4286          2
             4287          2
             4288          2
             4289          2
             4290          2
             4321          2
             4322          2
             4323          2
             4324          2
             4325          2
             4326          2
             4327          2
             4328          2
             4329          2
             4330          2
             4361          2
             4362          2
             4363          2
             4364          2
             4365          2
             4366          2
             4367          2
             4368          2
             4369          2
             4370          2
             4401          2
             4402          2
             4403          2
             4404          2
             4405          2
             4406          2
             4407          2
             4408          2
             4409          2
             4410          2
             4441          2
             4442          2
             4443          2
             4444          2
             4445          2
             4446          2
             4447          2
             4448          2
             4449          2
             4450          2
             4481          2
             4482          2
             4483          2
             4484          2
             4485          2
             4486          2
             4487          2
             4488          2
             4489          2
             4490          2
             4521          2
             4522          2
             4523          2
             4524          2
             4525          2
             4526          2
             4527          2
             4528          2
             4529          2
             4530          2
             4561          2
             4562          2
             4563          2
             4564          2
             4565          2
             4566          2
             4567          2
             4568          2
             4569          2
             4570          2
      $SURFACE ELEMENTS  SURFID =          2  SYSTEM = LOCAL
            10201          2
            10202          2
            10203          2
            10204          2
            10205          2
            10206          2
            10207          2
            10208          2
            10209          2
            10210          2
            10241          2
            10242          2
            10243          2
            10244          2
            10245          2
            10246          2
            10247          2
            10248          2
            10249          2
            10250          2
            10281          2
            10282          2
            10283          2
            10284          2
            10285          2
            10286          2
            10287          2
            10288          2
            10289          2
            10290          2
            10321          2
            10322          2
            10323          2
            10324          2
            10325          2
            10326          2
            10327          2
            10328          2
            10329          2
            10330          2
            10361          2
            10362          2
            10363          2
            10364          2
            10365          2
            10366          2
            10367          2
            10368          2
            10369          2
            10370          2
            10401          2
            10402          2
            10403          2
            10404          2
            10405          2
            10406          2
            10407          2
            10408          2
            10409          2
            10410          2
            10441          2
            10442          2
            10443          2
            10444          2
            10445          2
            10446          2
            10447          2
            10448          2
            10449          2
            10450          2
            10481          2
            10482          2
            10483          2
            10484          2
            10485          2
            10486          2
            10487          2
            10488          2
            10489          2
            10490          2
            10521          2
            10522          2
            10523          2
            10524          2
            10525          2
            10526          2
            10527          2
            10528          2
            10529          2
            10530          2
            10561          2
            10562          2
            10563          2
            10564          2
            10565          2
            10566          2
            10567          2
            10568          2
            10569          2
            10570          2
            10601          2
            10602          2
            10603          2
            10604          2
            10605          2
            10606          2
            10607          2
            10608          2
            10609          2
            10610          2
            10641          2
            10642          2
            10643          2
            10644          2
            10645          2
            10646          2
            10647          2
            10648          2
            10649          2
            10650          2
            10681          2
            10682          2
            10683          2
            10684          2
            10685          2
            10686          2
            10687          2
            10688          2
            10689          2
            10690          2
            10721          2
            10722          2
            10723          2
            10724          2
            10725          2
            10726          2
            10727          2
            10728          2
            10729          2
            10730          2
            10761          2
            10762          2
            10763          2
            10764          2
            10765          2
            10766          2
            10767          2
            10768          2
            10769          2
            10770          2
            10801          2
            10802          2
            10803          2
            10804          2
            10805          2
            10806          2
            10807          2
            10808          2
            10809          2
            10810          2
            10841          2
            10842          2
            10843          2
            10844          2
            10845          2
            10846          2
            10847          2
            10848          2
            10849          2
            10850          2
            10881          2
            10882          2
            10883          2
            10884          2
            10885          2
            10886          2
            10887          2
            10888          2
            10889          2
            10890          2
            10921          2
            10922          2
            10923          2
            10924          2
            10925          2
            10926          2
            10927          2
            10928          2
            10929          2
            10930          2
            10961          2
            10962          2
            10963          2
            10964          2
            10965          2
            10966          2
            10967          2
            10968          2
            10969          2
            10970          2
            11001          2
            11002          2
            11003          2
            11004          2
            11005          2
            11006          2
            11007          2
            11008          2
            11009          2
            11010          2
            11041          2
            11042          2
            11043          2
            11044          2
            11045          2
            11046          2
            11047          2
            11048          2
            11049          2
            11050          2
            11081          2
            11082          2
            11083          2
            11084          2
            11085          2
            11086          2
            11087          2
            11088          2
            11089          2
            11090          2
            11121          2
            11122          2
            11123          2
            11124          2
            11125          2
            11126          2
            11127          2
            11128          2
            11129          2
            11130          2
            11161          2
            11162          2
            11163          2
            11164          2
            11165          2
            11166          2
            11167          2
            11168          2
            11169          2
            11170          2
            11201          2
            11202          2
            11203          2
            11204          2
            11205          2
            11206          2
            11207          2
            11208          2
            11209          2
            11210          2
            11241          2
            11242          2
            11243          2
            11244          2
            11245          2
            11246          2
            11247          2
            11248          2
            11249          2
            11250          2
            11281          2
            11282          2
            11283          2
            11284          2
            11285          2
            11286          2
            11287          2
            11288          2
            11289          2
            11290          2
            11321          2
            11322          2
            11323          2
            11324          2
            11325          2
            11326          2
            11327          2
            11328          2
            11329          2
            11330          2
            11361          2
            11362          2
            11363          2
            11364          2
            11365          2
            11366          2
            11367          2
            11368          2
            11369          2
            11370          2
            11401          2
            11402          2
            11403          2
            11404          2
            11405          2
            11406          2
            11407          2
            11408          2
            11409          2
            11410          2
            11441          2
            11442          2
            11443          2
            11444          2
            11445          2
            11446          2
            11447          2
            11448          2
            11449          2
            11450          2
            11481          2
            11482          2
            11483          2
            11484          2
            11485          2
            11486          2
            11487          2
            11488          2
            11489          2
            11490          2
            11521          2
            11522          2
            11523          2
            11524          2
            11525          2
            11526          2
            11527          2
            11528          2
            11529          2
            11530          2
            11561          2
            11562          2
            11563          2
            11564          2
            11565          2
            11566          2
            11567          2
            11568          2
            11569          2
            11570          2
            11601          2
            11602          2
            11603          2
            11604          2
            11605          2
            11606          2
            11607          2
            11608          2
            11609          2
            11610          2
            11641          2
            11642          2
            11643          2
            11644          2
            11645          2
            11646          2
            11647          2
            11648          2
            11649          2
            11650          2
            11681          2
            11682          2
            11683          2
            11684          2
            11685          2
            11686          2
            11687          2
            11688          2
            11689          2
            11690          2
            11721          2
            11722          2
            11723          2
            11724          2
            11725          2
            11726          2
            11727          2
            11728          2
            11729          2
            11730          2
            11761          2
            11762          2
            11763          2
            11764          2
            11765          2
            11766          2
            11767          2
            11768          2
            11769          2
            11770          2
      $SURFACE ELEMENTS  SURFID =          3  SYSTEM = LOCAL
             6601          2
             6602          2
             6603          2
             6604          2
             6605          2
             6606          2
             6607          2
             6608          2
             6609          2
             6610          2
             6641          2
             6642          2
             6643          2
             6644          2
             6645          2
             6646          2
             6647          2
             6648          2
             6649          2
             6650          2
             6681          2
             6682          2
             6683          2
             6684          2
             6685          2
             6686          2
             6687          2
             6688          2
             6689          2
             6690          2
             6721          2
             6722          2
             6723          2
             6724          2
             6725          2
             6726          2
             6727          2
             6728          2
             6729          2
             6730          2
             6761          2
             6762          2
             6763          2
             6764          2
             6765          2
             6766          2
             6767          2
             6768          2
             6769          2
             6770          2
             6801          2
             6802          2
             6803          2
             6804          2
             6805          2
             6806          2
             6807          2
             6808          2
             6809          2
             6810          2
             6841          2
             6842          2
             6843          2
             6844          2
             6845          2
             6846          2
             6847          2
             6848          2
             6849          2
             6850          2
             6881          2
             6882          2
             6883          2
             6884          2
             6885          2
             6886          2
             6887          2
             6888          2
             6889          2
             6890          2
             6921          2
             6922          2
             6923          2
             6924          2
             6925          2
             6926          2
             6927          2
             6928          2
             6929          2
             6930          2
             6961          2
             6962          2
             6963          2
             6964          2
             6965          2
             6966          2
             6967          2
             6968          2
             6969          2
             6970          2
             7001          2
             7002          2
             7003          2
             7004          2
             7005          2
             7006          2
             7007          2
             7008          2
             7009          2
             7010          2
             7041          2
             7042          2
             7043          2
             7044          2
             7045          2
             7046          2
             7047          2
             7048          2
             7049          2
             7050          2
             7081          2
             7082          2
             7083          2
             7084          2
             7085          2
             7086          2
             7087          2
             7088          2
             7089          2
             7090          2
             7121          2
             7122          2
             7123          2
             7124          2
             7125          2
             7126          2
             7127          2
             7128          2
             7129          2
             7130          2
             7161          2
             7162          2
             7163          2
             7164          2
             7165          2
             7166          2
             7167          2
             7168          2
             7169          2
             7170          2
             7201          2
             7202          2
             7203          2
             7204          2
             7205          2
             7206          2
             7207          2
             7208          2
             7209          2
             7210          2
             7241          2
             7242          2
             7243          2
             7244          2
             7245          2
             7246          2
             7247          2
             7248          2
             7249          2
             7250          2
             7281          2
             7282          2
             7283          2
             7284          2
             7285          2
             7286          2
             7287          2
             7288          2
             7289          2
             7290          2
             7321          2
             7322          2
             7323          2
             7324          2
             7325          2
             7326          2
             7327          2
             7328          2
             7329          2
             7330          2
             7361          2
             7362          2
             7363          2
             7364          2
             7365          2
             7366          2
             7367          2
             7368          2
             7369          2
             7370          2
             7401          2
             7402          2
             7403          2
             7404          2
             7405          2
             7406          2
             7407          2
             7408          2
             7409          2
             7410          2
             7441          2
             7442          2
             7443          2
             7444          2
             7445          2
             7446          2
             7447          2
             7448          2
             7449          2
             7450          2
             7481          2
             7482          2
             7483          2
             7484          2
             7485          2
             7486          2
             7487          2
             7488          2
             7489          2
             7490          2
             7521          2
             7522          2
             7523          2
             7524          2
             7525          2
             7526          2
             7527          2
             7528          2
             7529          2
             7530          2
             7561          2
             7562          2
             7563          2
             7564          2
             7565          2
             7566          2
             7567          2
             7568          2
             7569          2
             7570          2
             7601          2
             7602          2
             7603          2
             7604          2
             7605          2
             7606          2
             7607          2
             7608          2
             7609          2
             7610          2
             7641          2
             7642          2
             7643          2
             7644          2
             7645          2
             7646          2
             7647          2
             7648          2
             7649          2
             7650          2
             7681          2
             7682          2
             7683          2
             7684          2
             7685          2
             7686          2
             7687          2
             7688          2
             7689          2
             7690          2
             7721          2
             7722          2
             7723          2
             7724          2
             7725          2
             7726          2
             7727          2
             7728          2
             7729          2
             7730          2
             7761          2
             7762          2
             7763          2
             7764          2
             7765          2
             7766          2
             7767          2
             7768          2
             7769          2
             7770          2
             7801          2
             7802          2
             7803          2
             7804          2
             7805          2
             7806          2
             7807          2
             7808          2
             7809          2
             7810          2
             7841          2
             7842          2
             7843          2
             7844          2
             7845          2
             7846          2
             7847          2
             7848          2
             7849          2
             7850          2
             7881          2
             7882          2
             7883          2
             7884          2
             7885          2
             7886          2
             7887          2
             7888          2
             7889          2
             7890          2
             7921          2
             7922          2
             7923          2
             7924          2
             7925          2
             7926          2
             7927          2
             7928          2
             7929          2
             7930          2
             7961          2
             7962          2
             7963          2
             7964          2
             7965          2
             7966          2
             7967          2
             7968          2
             7969          2
             7970          2
             8001          2
             8002          2
             8003          2
             8004          2
             8005          2
             8006          2
             8007          2
             8008          2
             8009          2
             8010          2
             8041          2
             8042          2
             8043          2
             8044          2
             8045          2
             8046          2
             8047          2
             8048          2
             8049          2
             8050          2
             8081          2
             8082          2
             8083          2
             8084          2
             8085          2
             8086          2
             8087          2
             8088          2
             8089          2
             8090          2
             8121          2
             8122          2
             8123          2
             8124          2
             8125          2
             8126          2
             8127          2
             8128          2
             8129          2
             8130          2
             8161          2
             8162          2
             8163          2
             8164          2
             8165          2
             8166          2
             8167          2
             8168          2
             8169          2
             8170          2
!
      $SFSET NAME = HOLE_A
                1
      $SFSET NAME = HOLE_B
                2
      $SFSET NAME = HOLE_C
                3
!
   $END STRUCTURE
!------
   $CONSTRAINTS  NAME = C_STEP_1
!
      $SUPPRESS  SURFNODE  DOFS = 1,2,3  DOFTYPE = DISP
       HOLE_A
!
   $END CONSTRAINTS
!------
   $SYSTEM  NAME = S_STEP_1
!
      $ELPROP
       BRACKET       MATERIAL = ALUMINUM
!
   $END SYSTEM
!------
   $LOADING  NAME = L_STEP_1
!
      $DISLOADS SURF3D  LPAT = 1 FACTOR = 3186373.5372952274  DOFTYPE = DISP
       HOLE_B  0.000000E+00  1.000000E+00  0.000000E+00

      $DISLOADS SURF3D  LPAT = 2 FACTOR = 3186373.5372952274 DOFTYPE = DISP
       HOLE_C  0.000000E+00  0.000000E+00  1.000000E+00
!
      $COMBINE LOADS LPAT = 999
       LPAT = 1 FACTOR = 1.0
       LPAT = 2 FACTOR = 1.0
!
   $END LOADING
!------
$EXIT COMPONENT
!------------------------------------
$ENTER MATERIAL
!------
   $MATERIAL  NAME = ALUMINUM  TYPE = ISO
!
      $DENSITY  GENERAL  INPUT = DATA
        2.600000E+03
!
      $ELASTIC  GENERAL  INPUT = DATA
        7.000000E+10  3.000000E-01
!
   $END MATERIAL
!------
$EXIT MATERIAL
!------------------------------------
$FIN
