$ENTER COMPONENT  NAME = DFLT_COMP  DOFTYPE = DISP MATH
!------
   $STRUCTURE
!
      $SURFACE ELEMENTS  SURFID =          1  SYSTEM = LOCAL
              691          4
              692          4
              693          4
              694          4
              695          4
              696          4
              697          4
              698          4
              699          4
              700          4
             1391          4
             1392          4
             1393          4
             1394          4
             1395          4
             1396          4
             1397          4
             1398          4
             1399          4
             1400          4
             2091          4
             2092          4
             2093          4
             2094          4
             2095          4
             2096          4
             2097          4
             2098          4
             2099          4
             2100          4
             2791          4
             2792          4
             2793          4
             2794          4
             2795          4
             2796          4
             2797          4
             2798          4
             2799          4
             2800          4
             3491          4
             3492          4
             3493          4
             3494          4
             3495          4
             3496          4
             3497          4
             3498          4
             3499          4
             3500          4
             4191          4
             4192          4
             4193          4
             4194          4
             4195          4
             4196          4
             4197          4
             4198          4
             4199          4
             4200          4
             4891          4
             4892          4
             4893          4
             4894          4
             4895          4
             4896          4
             4897          4
             4898          4
             4899          4
             4900          4
             5591          4
             5592          4
             5593          4
             5594          4
             5595          4
             5596          4
             5597          4
             5598          4
             5599          4
             5600          4
             6291          4
             6292          4
             6293          4
             6294          4
             6295          4
             6296          4
             6297          4
             6298          4
             6299          4
             6300          4
             6991          4
             6992          4
             6993          4
             6994          4
             6995          4
             6996          4
             6997          4
             6998          4
             6999          4
             7000          4
             7691          4
             7692          4
             7693          4
             7694          4
             7695          4
             7696          4
             7697          4
             7698          4
             7699          4
             7700          4
             8391          4
             8392          4
             8393          4
             8394          4
             8395          4
             8396          4
             8397          4
             8398          4
             8399          4
             8400          4
             9091          4
             9092          4
             9093          4
             9094          4
             9095          4
             9096          4
             9097          4
             9098          4
             9099          4
             9100          4
             9791          4
             9792          4
             9793          4
             9794          4
             9795          4
             9796          4
             9797          4
             9798          4
             9799          4
             9800          4
            10491          4
            10492          4
            10493          4
            10494          4
            10495          4
            10496          4
            10497          4
            10498          4
            10499          4
            10500          4
            11191          4
            11192          4
            11193          4
            11194          4
            11195          4
            11196          4
            11197          4
            11198          4
            11199          4
            11200          4
            11891          4
            11892          4
            11893          4
            11894          4
            11895          4
            11896          4
            11897          4
            11898          4
            11899          4
            11900          4
            12591          4
            12592          4
            12593          4
            12594          4
            12595          4
            12596          4
            12597          4
            12598          4
            12599          4
            12600          4
            13291          4
            13292          4
            13293          4
            13294          4
            13295          4
            13296          4
            13297          4
            13298          4
            13299          4
            13300          4
      $SURFACE ELEMENTS  SURFID =          2  SYSTEM = LOCAL
                1          2
                2          2
                3          2
                4          2
                5          2
                6          2
                7          2
                8          2
                9          2
               10          2
              701          2
              702          2
              703          2
              704          2
              705          2
              706          2
              707          2
              708          2
              709          2
              710          2
             1401          2
             1402          2
             1403          2
             1404          2
             1405          2
             1406          2
             1407          2
             1408          2
             1409          2
             1410          2
             2101          2
             2102          2
             2103          2
             2104          2
             2105          2
             2106          2
             2107          2
             2108          2
             2109          2
             2110          2
             2801          2
             2802          2
             2803          2
             2804          2
             2805          2
             2806          2
             2807          2
             2808          2
             2809          2
             2810          2
             3501          2
             3502          2
             3503          2
             3504          2
             3505          2
             3506          2
             3507          2
             3508          2
             3509          2
             3510          2
             4201          2
             4202          2
             4203          2
             4204          2
             4205          2
             4206          2
             4207          2
             4208          2
             4209          2
             4210          2
             4901          2
             4902          2
             4903          2
             4904          2
             4905          2
             4906          2
             4907          2
             4908          2
             4909          2
             4910          2
             5601          2
             5602          2
             5603          2
             5604          2
             5605          2
             5606          2
             5607          2
             5608          2
             5609          2
             5610          2
             6301          2
             6302          2
             6303          2
             6304          2
             6305          2
             6306          2
             6307          2
             6308          2
             6309          2
             6310          2
             7001          2
             7002          2
             7003          2
             7004          2
             7005          2
             7006          2
             7007          2
             7008          2
             7009          2
             7010          2
             7701          2
             7702          2
             7703          2
             7704          2
             7705          2
             7706          2
             7707          2
             7708          2
             7709          2
             7710          2
             8401          2
             8402          2
             8403          2
             8404          2
             8405          2
             8406          2
             8407          2
             8408          2
             8409          2
             8410          2
             9101          2
             9102          2
             9103          2
             9104          2
             9105          2
             9106          2
             9107          2
             9108          2
             9109          2
             9110          2
             9801          2
             9802          2
             9803          2
             9804          2
             9805          2
             9806          2
             9807          2
             9808          2
             9809          2
             9810          2
            10501          2
            10502          2
            10503          2
            10504          2
            10505          2
            10506          2
            10507          2
            10508          2
            10509          2
            10510          2
            11201          2
            11202          2
            11203          2
            11204          2
            11205          2
            11206          2
            11207          2
            11208          2
            11209          2
            11210          2
            11901          2
            11902          2
            11903          2
            11904          2
            11905          2
            11906          2
            11907          2
            11908          2
            11909          2
            11910          2
            12601          2
            12602          2
            12603          2
            12604          2
            12605          2
            12606          2
            12607          2
            12608          2
            12609          2
            12610          2
!
      $SFSET NAME = CLAMPED
                1
      $SFSET NAME = LOAD
                2
!
   $END STRUCTURE
!------
   $SYSTEM  NAME = S_STEP_1
!
      $ELPROP
       DESIGN        MATERIAL = MAT_01
!
   $END SYSTEM
!------
   $CONSTRAINTS  NAME = C_STEP_1
!
      $SUPPRESS  SURFNODE  DOFS = 1,2,3  DOFTYPE = DISP
       CLAMPED
!
   $END CONSTRAINTS
!------
   $LOADING  NAME = L_STEP_1
!
      $DISLOADS SURF3D  LPAT = 1  DOFTYPE = DISP
       LOAD  0.000000E+00 -1.000000E+05  0.000000E+00
!
   $END LOADING
!------
$EXIT COMPONENT
!------------------------------------
$ENTER MATERIAL
!------
   $MATERIAL  NAME = MAT_01  TYPE = ISO
!
      $DENSITY  GENERAL  INPUT = DATA
        7.800000E+03
!
      $ELASTIC  GENERAL  INPUT = DATA
        2.060000E+11  2.800000E-01
!
   $END MATERIAL
!------
$EXIT MATERIAL
!------------------------------------
$FIN
