$ENTER COMPONENT  NAME = DFLT_COMP  DOFTYPE = DISP MATH
!------
   $STRUCTURE
!
      $DELEMENT TYPE = DNODE
               28: TRUSS
         &      :          1          2          3          4          5          6          7          8          9         10         11         12         13
         &                14         18         19         20         21
!
      $DSVNODE
               28          1:         28
               29          2:         28
               30          3:         28
               31          4:         28
               32          5:         28
               33          6:         28
               34          7:         28
               35          8:         28
               36          9:         28
               37         10:         28
               38         12:         28
               39         11:         28
               40         13:         28
               41         14:         28
               42         19:         28
               43         20:         28
               44         18:         28
               45         21:         28
               46          3:         28
               47          4:         28
               48          5:         28
               49          6:         28
               50          7:         28
               51          8:         28
               52          9:         28
               53         10:         28
               54         11:         28
               55         12:         28
               56         13:         28
               57         14:         28
               58         18:         28
               59         19:         28
               60         20:         28
               61         21:         28
!
   $END STRUCTURE
!------
   $SYSTEM  NAME = S_STEP_1
!
      $DSVVAL
               28  0.000000E+00
               29  0.000000E+00
               30  0.000000E+00
               31  0.000000E+00
               32  0.000000E+00
               33  0.000000E+00
               34  0.000000E+00
               35  0.000000E+00
               36  0.000000E+00
               37  0.000000E+00
               38  0.000000E+00
               39  0.000000E+00
               40  0.000000E+00
               41  0.000000E+00
               42  0.000000E+00
               43  0.000000E+00
               44  0.000000E+00
               45  0.000000E+00
               46  0.000000E+00
               47  0.000000E+00
               48  0.000000E+00
               49  0.000000E+00
               50  0.000000E+00
               51  0.000000E+00
               52  0.000000E+00
               53  0.000000E+00
               54  0.000000E+00
               55  0.000000E+00
               56  0.000000E+00
               57  0.000000E+00
               58  0.000000E+00
               59  0.000000E+00
               60  0.000000E+00
               61  0.000000E+00
!
      $DVCOOR  KIND = DIRECT
                1 1 :  1.000000E+00 :         28
                2 1 : -1.000000E+00 :         29
                3 1 :  1.000000E+00 :         30
                4 1 : -1.000000E+00 :         31
                5 1 :  1.000000E+00 :         32
                6 1 : -1.000000E+00 :         33
                7 1 :  1.000000E+00 :         34
                8 1 : -1.000000E+00 :         35
                9 1 :  1.000000E+00 :         36
               10 1 : -1.000000E+00 :         37
               12 1 : -1.000000E+00 :         38
               11 1 :  1.000000E+00 :         39
               13 1 :  1.000000E+00 :         40
               14 1 : -1.000000E+00 :         41
               19 1 :  1.000000E+00 :         42
               20 1 : -1.000000E+00 :         43
               18 1 :  1.000000E+00 :         44
               21 1 : -1.000000E+00 :         45
                3 2 :  1.000000E+00 :         46
                4 2 :  1.000000E+00 :         47
                5 2 :  1.000000E+00 :         48
                6 2 :  1.000000E+00 :         49
                7 2 :  1.000000E+00 :         50
                8 2 :  1.000000E+00 :         51
               10 2 :  1.000000E+00 :         53
                9 2 :  1.000000E+00 :         52
               11 2 :  1.000000E+00 :         54
               12 2 :  1.000000E+00 :         55
               13 2 :  1.000000E+00 :         56
               14 2 :  1.000000E+00 :         57
               19 2 :  1.000000E+00 :         59
               20 2 :  1.000000E+00 :         60
               21 2 :  1.000000E+00 :         61
               18 2 :  1.000000E+00 :         58
!
   $END SYSTEM
!------
   $MODIFICATION
!
      $DSVLIMIT
               51 -1.000000E+00  1.000000E+00
               52 -1.000000E+00  1.000000E+00
               53 -1.000000E+00  1.000000E+00
               54 -1.000000E+00  1.000000E+00
               55 -1.000000E+00  1.000000E+00
               56 -1.000000E+00  1.000000E+00
               57 -1.000000E+00  1.000000E+00
               58 -1.000000E+00  1.000000E+00
               59 -1.000000E+00  1.000000E+00
               60 -1.000000E+00  1.000000E+00
               61 -1.000000E+00  1.000000E+00
               28 -1.000000E+00  1.000000E+00
               29 -1.000000E+00  1.000000E+00
               30 -1.000000E+00  1.000000E+00
               31 -1.000000E+00  1.000000E+00
               32 -1.000000E+00  1.000000E+00
               33 -1.000000E+00  1.000000E+00
               34 -1.000000E+00  1.000000E+00
               35 -1.000000E+00  1.000000E+00
               36 -1.000000E+00  1.000000E+00
               37 -1.000000E+00  1.000000E+00
               38 -1.000000E+00  1.000000E+00
               39 -1.000000E+00  1.000000E+00
               40 -1.000000E+00  1.000000E+00
               41 -1.000000E+00  1.000000E+00
               42 -1.000000E+00  1.000000E+00
               43 -1.000000E+00  1.000000E+00
               44 -1.000000E+00  1.000000E+00
               45 -1.000000E+00  1.000000E+00
               46 -1.000000E+00  1.000000E+00
               47 -1.000000E+00  1.000000E+00
               48 -1.000000E+00  1.000000E+00
               49 -1.000000E+00  1.000000E+00
               50 -1.000000E+00  1.000000E+00
!
      $DSVMLIM
               28  1.000000E-01
               29  1.000000E-01
               30  1.000000E-01
               31  1.000000E-01
               32  1.000000E-01
               33  1.000000E-01
               34  1.000000E-01
               35  1.000000E-01
               36  1.000000E-01
               37  1.000000E-01
               38  1.000000E-01
               39  1.000000E-01
               40  1.000000E-01
               41  1.000000E-01
               42  1.000000E-01
               43  1.000000E-01
               44  1.000000E-01
               45  1.000000E-01
               46  1.000000E-01
               47  1.000000E-01
               48  1.000000E-01
               49  1.000000E-01
               50  1.000000E-01
               51  1.000000E-01
               52  1.000000E-01
               53  1.000000E-01
               54  1.000000E-01
               55  1.000000E-01
               56  1.000000E-01
               57  1.000000E-01
               58  1.000000E-01
               59  1.000000E-01
               60  1.000000E-01
               61  1.000000E-01
!
   $END MODIFICATION
!------
$EXIT COMPONENT
!------------------------------------
$FIN
