$ENTER COMPONENT  NAME = DFLT_COMP  DOFTYPE = DISP MATH
!------
   $STRUCTURE
!
      $MPC ISURFACE  DPDOFS = 1,2,3,4,5,6  DPITYP = NODE  DOFTYPE = DISP
                1 UPPER       : LOWER
!
      $SURFACE ELEMENTS  LABEL = UPPER  SYSTEM = LOCAL
                1
                2
                3
                4
                5
                6
                7
                8
                9
               10
               11
               12
               13
               14
               15
               16
               17
               18
               19
               20
               21
               22
               23
               24
               25
               26
               27
               28
               29
               30
               31
               32
               33
               34
               35
               36
               37
               38
               39
               40
               41
               42
               43
               44
               45
               46
               47
               48
               49
               50
               51
               52
               53
               54
               55
               56
               57
               58
               59
               60
               61
               62
               63
               64
               65
               66
               67
               68
               69
               70
               71
               72
               73
               74
               75
               76
               77
               78
               79
               80
               81
               82
               83
               84
               85
               86
               87
               88
               89
               90
               91
               92
               93
               94
               95
               96
               97
               98
               99
              100
              101
              102
              103
              104
              105
              106
              107
              108
              109
              110
              111
              112
              113
              114
              115
              116
              117
              118
              119
              120
              121
              122
              123
              124
              125
              126
              127
              128
              129
              130
              131
              132
              133
              134
              135
              136
              137
              138
              139
              140
              141
              142
              143
              144
              145
              146
              147
              148
              149
              150
              151
              152
              153
              154
              155
              156
              157
              158
              159
              160
              161
              162
              163
              164
              165
              166
              167
              168
              169
              170
              171
              172
              173
              174
              175
              176
              177
              178
              179
              180
              181
              182
              183
              184
              185
              186
              187
              188
              189
              190
              191
              192
              193
              194
              195
              196
              197
              198
              199
              200
              201
              202
              203
              204
              205
              206
              207
              208
              209
              210
              211
              212
              213
              214
              215
              216
              217
              218
              219
              220
              221
              222
              223
              224
              225
              226
              227
              228
              229
              230
              231
              232
              233
              234
              235
              236
              237
              238
              239
              240
              241
              242
              243
              244
              245
              246
              247
              248
              249
              250
              251
              252
              253
              254
              255
              256
              257
              258
              259
              260
              261
              262
              263
              264
              265
              266
              267
              268
              269
              270
              271
              272
              273
              274
              275
              276
              277
              278
              279
              280
              281
              282
              283
              284
              285
              286
              287
              288
              289
              290
              291
              292
              293
              294
              295
              296
              297
              298
              299
              300
              301
              302
              303
              304
              305
              306
              307
              308
              309
              310
              311
              312
              313
              314
              315
              316
              317
              318
              319
              320
              321
              322
              323
              324
              325
              326
              327
              328
              329
              330
              331
              332
              333
              334
              335
              336
              337
              338
              339
              340
              341
              342
              343
              344
              345
              346
              347
              348
              349
              350
              351
              352
              353
              354
              355
              356
              357
              358
              359
              360
              361
              362
              363
              364
              365
              366
              367
              368
              369
              370
              371
              372
              373
              374
              375
              376
              377
              378
              379
              380
              381
              382
              383
              384
              385
              386
              387
              388
              389
              390
              391
              392
              393
              394
              395
              396
              397
              398
              399
              400
              401
              402
              403
              404
              405
              406
              407
              408
              409
              410
              411
              412
              413
              414
              415
              416
              417
              418
              419
              420
              421
              422
              423
              424
              425
              426
              427
              428
              429
              430
              431
              432
              433
              434
              435
              436
              437
              438
              439
              440
              441
              442
              443
              444
              445
              446
              447
              448
              449
              450
              451
              452
              453
              454
              455
              456
              457
              458
              459
              460
              461
              462
              463
              464
              465
              466
              467
              468
              469
              470
              471
              472
              473
              474
              475
              476
              477
              478
              479
              480
              481
              482
              483
              484
              485
              486
              487
              488
              489
              490
              491
              492
              493
              494
              495
              496
              497
              498
              499
              500
!
      $LINE GEO  LNID = UPPER
       SFLA2        116          2
       SFLA2          4        124
       SFLA2        117        116
       SFLA2        118        117
       SFLA2        119        118
       SFLA2        120        119
       SFLA2        121        120
       SFLA2        122        121
       SFLA2        123        122
       SFLA2        124        123
      $LINE GEO  LNID = LOWER
       SFLA2        232          6
       SFLA2          8        240
       SFLA2        233        232
       SFLA2        234        233
       SFLA2        235        234
       SFLA2        236        235
       SFLA2        237        236
       SFLA2        238        237
       SFLA2        239        238
       SFLA2        240        239
!
      $NSET NAME = CLAMPED
                1          3          5          7         58         59         60         61         62         63         64         65         66        174
              175        176        177        178        179        180        181        182
      $NSET NAME = LOWER
                6        125        126        127        128        129        130        131        132        133        134        135        136        137
              138        139        140        141        142        143        144        145        146        147        148        149        150        151
              152        153        154        155        156        157        158        159        160        161        162        163        164        165
              166        167        168        169        170        171        172        173
!
   $END STRUCTURE
!------
   $SYSTEM  NAME = S_STEP_1
!
      $GEODAT SHELL     CONT = THICK      NODES = ALL
       GD_SURFACE1   1.000000E-03
       GD_SURFACE2   1.000000E-03
!
      $ELPROP
       SURFACE1      GEODAT = GD_SURFACE1   MATERIAL = STEEL
       SURFACE2      GEODAT = GD_SURFACE2   MATERIAL = STEEL
!
   $END SYSTEM
!------
   $CONSTRAINTS  NAME = C_STEP_1
!
      $SUPPRESS  DOFS = 1,2,3,4,5,6  DOFTYPE = DISP
       CLAMPED
!
   $END CONSTRAINTS
!------
   $LOADING  NAME = L_STEP_1
!
      $DISLOAD LINE3D  LPAT = 1  IDS = ELGEO  NODES = ALL  DOFTYPE = DISP
             1000  2 :  0.000000E+00  0.000000E+00 -1.000000E+00
              991  2 :  0.000000E+00  0.000000E+00 -1.000000E+00
              999  2 :  0.000000E+00  0.000000E+00 -1.000000E+00
              998  2 :  0.000000E+00  0.000000E+00 -1.000000E+00
              997  2 :  0.000000E+00  0.000000E+00 -1.000000E+00
              996  2 :  0.000000E+00  0.000000E+00 -1.000000E+00
              995  2 :  0.000000E+00  0.000000E+00 -1.000000E+00
              994  2 :  0.000000E+00  0.000000E+00 -1.000000E+00
              993  2 :  0.000000E+00  0.000000E+00 -1.000000E+00
              992  2 :  0.000000E+00  0.000000E+00 -1.000000E+00
      $DISLOAD LINE3D  LPAT = 2  IDS = ELGEO  NODES = ALL  DOFTYPE = DISP
               50  3 :  0.000000E+00  0.000000E+00 -1.000000E+00
              500  3 :  0.000000E+00  0.000000E+00 -1.000000E+00
              100  3 :  0.000000E+00  0.000000E+00 -1.000000E+00
              150  3 :  0.000000E+00  0.000000E+00 -1.000000E+00
              200  3 :  0.000000E+00  0.000000E+00 -1.000000E+00
              250  3 :  0.000000E+00  0.000000E+00 -1.000000E+00
              300  3 :  0.000000E+00  0.000000E+00 -1.000000E+00
              350  3 :  0.000000E+00  0.000000E+00 -1.000000E+00
              400  3 :  0.000000E+00  0.000000E+00 -1.000000E+00
              450  3 :  0.000000E+00  0.000000E+00 -1.000000E+00
!
      $COMBINE LOADS  LPAT = 999  DOFTYPE = DISP
      LPAT = 1  FACTOR =  1.000000E+00
      LPAT = 2  FACTOR =  1.000000E+00
!
   $END LOADING
!------
$EXIT COMPONENT
!------------------------------------
$ENTER MATERIAL
!------
   $MATERIAL  NAME = STEEL  TYPE = ISO
!
      $DENSITY  GENERAL  INPUT = DATA
        7.800000E+03
!
      $ELASTIC  GENERAL  INPUT = DATA
        2.100000E+11  3.000000E-01
!
   $END MATERIAL
!------
$EXIT MATERIAL
!------------------------------------
$FIN
