$ENTER COMPONENT  NAME = DFLT_COMP  DOFTYPE = DISP MATH
!------
   $SITUATION  NAME = STEP_1
      DFLT_COMP  CONSTRAINTS = C_STEP_1  SYSTEM = S_STEP_1  LOADING = L_STEP_1
   $END SITUATION
!
   $STRUCTURE
!
      $ELEMENT TYPE = QUAM4
                1          6         79        101         46
                2         46        101        102         47
                3         47        102        103         48
                4         48        103        104         49
                5         49        104        105         50
                6         50        105        106         51
                7         51        106        107         52
                8         52        107        108         53
                9         53        108        109         54
               10         54        109         18         11
               11         79         78        110        101
               12        101        110        111        102
               13        102        111        112        103
               14        103        112        113        104
               15        104        113        114        105
               16        105        114        115        106
               17        106        115        116        107
               18        107        116        117        108
               19        108        117        118        109
               20        109        118         17         18
               21         78         77        119        110
               22        110        119        120        111
               23        111        120        121        112
               24        112        121        122        113
               25        113        122        123        114
               26        114        123        124        115
               27        115        124        125        116
               28        116        125        126        117
               29        117        126        127        118
               30        118        127         16         17
               31         77         76        128        119
               32        119        128        129        120
               33        120        129        130        121
               34        121        130        131        122
               35        122        131        132        123
               36        123        132        133        124
               37        124        133        134        125
               38        125        134        135        126
               39        126        135        136        127
               40        127        136          3         16
               41         76         75        137        128
               42        128        137        138        129
               43        129        138        139        130
               44        130        139        140        131
               45        131        140        141        132
               46        132        141        142        133
               47        133        142        143        134
               48        134        143        144        135
               49        135        144        145        136
               50        136        145         15          3
               51         75         74        146        137
               52        137        146        147        138
               53        138        147        148        139
               54        139        148        149        140
               55        140        149        150        141
               56        141        150        151        142
               57        142        151        152        143
               58        143        152        153        144
               59        144        153        154        145
               60        145        154         14         15
               61         74         73        155        146
               62        146        155        156        147
               63        147        156        157        148
               64        148        157        158        149
               65        149        158        159        150
               66        150        159        160        151
               67        151        160        161        152
               68        152        161        162        153
               69        153        162        163        154
               70        154        163         13         14
               71         73          5         37        155
               72        155         37         38        156
               73        156         38         39        157
               74        157         39         40        158
               75        158         40         41        159
               76        159         41         42        160
               77        160         42         43        161
               78        161         43         44        162
               79        162         44         45        163
               80        163         45         10         13
               81         11         19        164         54
               82         54        164        165         53
               83         53        165        166         52
               84         52        166        167         51
               85         51        167        168         50
               86         50        168        169         49
               87         49        169        170         48
               88         48        170        171         47
               89         47        171        172         46
               90         46        172         80          6
               91         19         20        173        164
               92        164        173        174        165
               93        165        174        175        166
               94        166        175        176        167
               95        167        176        177        168
               96        168        177        178        169
               97        169        178        179        170
               98        170        179        180        171
               99        171        180        181        172
              100        172        181         81         80
              101         20         21        182        173
              102        173        182        183        174
              103        174        183        184        175
              104        175        184        185        176
              105        176        185        186        177
              106        177        186        187        178
              107        178        187        188        179
              108        179        188        189        180
              109        180        189        190        181
              110        181        190         82         81
              111         21          4        191        182
              112        182        191        192        183
              113        183        192        193        184
              114        184        193        194        185
              115        185        194        195        186
              116        186        195        196        187
              117        187        196        197        188
              118        188        197        198        189
              119        189        198        199        190
              120        190        199         83         82
              121          4         22        200        191
              122        191        200        201        192
              123        192        201        202        193
              124        193        202        203        194
              125        194        203        204        195
              126        195        204        205        196
              127        196        205        206        197
              128        197        206        207        198
              129        198        207        208        199
              130        199        208         84         83
              131         22         23        209        200
              132        200        209        210        201
              133        201        210        211        202
              134        202        211        212        203
              135        203        212        213        204
              136        204        213        214        205
              137        205        214        215        206
              138        206        215        216        207
              139        207        216        217        208
              140        208        217         85         84
              141         23         24        218        209
              142        209        218        219        210
              143        210        219        220        211
              144        211        220        221        212
              145        212        221        222        213
              146        213        222        223        214
              147        214        223        224        215
              148        215        224        225        216
              149        216        225        226        217
              150        217        226         86         85
              151         24         12         63        218
              152        218         63         62        219
              153        219         62         61        220
              154        220         61         60        221
              155        221         60         59        222
              156        222         59         58        223
              157        223         58         57        224
              158        224         57         56        225
              159        225         56         55        226
              160        226         55          7         86
              161          7         55        227         87
              162         87        227        228         88
              163         88        228        229         89
              164         89        229        230         90
              165         90        230        231         91
              166         91        231        232         92
              167         92        232        233         93
              168         93        233         64          8
              169         55         56        234        227
              170        227        234        235        228
              171        228        235        236        229
              172        229        236        237        230
              173        230        237        238        231
              174        231        238        239        232
              175        232        239        240        233
              176        233        240         65         64
              177         56         57        241        234
              178        234        241        242        235
              179        235        242        243        236
              180        236        243        244        237
              181        237        244        245        238
              182        238        245        246        239
              183        239        246        247        240
              184        240        247         66         65
              185         57         58        248        241
              186        241        248        249        242
              187        242        249        250        243
              188        243        250        251        244
              189        244        251        252        245
              190        245        252        253        246
              191        246        253        254        247
              192        247        254         67         66
              193         58         59        255        248
              194        248        255        256        249
              195        249        256        257        250
              196        250        257        258        251
              197        251        258        259        252
              198        252        259        260        253
              199        253        260        261        254
              200        254        261         68         67
              201         59         60        262        255
              202        255        262        263        256
              203        256        263        264        257
              204        257        264        265        258
              205        258        265        266        259
              206        259        266        267        260
              207        260        267        268        261
              208        261        268         69         68
              209         60         61        269        262
              210        262        269        270        263
              211        263        270        271        264
              212        264        271        272        265
              213        265        272        273        266
              214        266        273        274        267
              215        267        274        275        268
              216        268        275         70         69
              217         61         62        276        269
              218        269        276        277        270
              219        270        277        278        271
              220        271        278        279        272
              221        272        279        280        273
              222        273        280        281        274
              223        274        281        282        275
              224        275        282         71         70
              225         62         63        283        276
              226        276        283        284        277
              227        277        284        285        278
              228        278        285        286        279
              229        279        286        287        280
              230        280        287        288        281
              231        281        288        289        282
              232        282        289         72         71
              233         63         12         25        283
              234        283         25         26        284
              235        284         26         27        285
              236        285         27          1        286
              237        286          1         28        287
              238        287         28         29        288
              239        288         29         30        289
              240        289         30          9         72
              241          5        100        290         37
              242         37        290        291         38
              243         38        291        292         39
              244         39        292        293         40
              245         40        293        294         41
              246         41        294        295         42
              247         42        295        296         43
              248         43        296        297         44
              249         44        297        298         45
              250         45        298         36         10
              251        100         99        299        290
              252        290        299        300        291
              253        291        300        301        292
              254        292        301        302        293
              255        293        302        303        294
              256        294        303        304        295
              257        295        304        305        296
              258        296        305        306        297
              259        297        306        307        298
              260        298        307         35         36
              261         99         98        308        299
              262        299        308        309        300
              263        300        309        310        301
              264        301        310        311        302
              265        302        311        312        303
              266        303        312        313        304
              267        304        313        314        305
              268        305        314        315        306
              269        306        315        316        307
              270        307        316         34         35
              271         98         97        317        308
              272        308        317        318        309
              273        309        318        319        310
              274        310        319        320        311
              275        311        320        321        312
              276        312        321        322        313
              277        313        322        323        314
              278        314        323        324        315
              279        315        324        325        316
              280        316        325          2         34
              281         97         96        326        317
              282        317        326        327        318
              283        318        327        328        319
              284        319        328        329        320
              285        320        329        330        321
              286        321        330        331        322
              287        322        331        332        323
              288        323        332        333        324
              289        324        333        334        325
              290        325        334         33          2
              291         96         95        335        326
              292        326        335        336        327
              293        327        336        337        328
              294        328        337        338        329
              295        329        338        339        330
              296        330        339        340        331
              297        331        340        341        332
              298        332        341        342        333
              299        333        342        343        334
              300        334        343         32         33
              301         95         94        344        335
              302        335        344        345        336
              303        336        345        346        337
              304        337        346        347        338
              305        338        347        348        339
              306        339        348        349        340
              307        340        349        350        341
              308        341        350        351        342
              309        342        351        352        343
              310        343        352         31         32
              311         94          8         64        344
              312        344         64         65        345
              313        345         65         66        346
              314        346         66         67        347
              315        347         67         68        348
              316        348         68         69        349
              317        349         69         70        350
              318        350         70         71        351
              319        351         71         72        352
              320        352         72          9         31
!
      $LINE GEO  LNID = X0
       SFLA2         27          1
       SFLA2          4         22
       SFLA2         24         12
       SFLA2         12         25
       SFLA2         22         23
       SFLA2         23         24
       SFLA2         25         26
       SFLA2         26         27
!
      $NSET NAME = ALL_NODES
                1          2          3          4          5          6          7          8          9         10         11         12         13         14
               15         16         17         18         19         20         21         22         23         24         25         26         27         28
               29         30         31         32         33         34         35         36         37         38         39         40         41         42
               43         44         45         46         47         48         49         50         51         52         53         54         55         56
               57         58         59         60         61         62         63         64         65         66         67         68         69         70
               71         72         73         74         75         76         77         78         79         80         81         82         83         84
               85         86         87         88         89         90         91         92         93         94         95         96         97         98
               99        100        101        102        103        104        105        106        107        108        109        110        111        112
              113        114        115        116        117        118        119        120        121        122        123        124        125        126
              127        128        129        130        131        132        133        134        135        136        137        138        139        140
              141        142        143        144        145        146        147        148        149        150        151        152        153        154
              155        156        157        158        159        160        161        162        163        164        165        166        167        168
              169        170        171        172        173        174        175        176        177        178        179        180        181        182
              183        184        185        186        187        188        189        190        191        192        193        194        195        196
              197        198        199        200        201        202        203        204        205        206        207        208        209        210
              211        212        213        214        215        216        217        218        219        220        221        222        223        224
              225        226        227        228        229        230        231        232        233        234        235        236        237        238
              239        240        241        242        243        244        245        246        247        248        249        250        251        252
              253        254        255        256        257        258        259        260        261        262        263        264        265        266
              267        268        269        270        271        272        273        274        275        276        277        278        279        280
              281        282        283        284        285        286        287        288        289        290        291        292        293        294
              295        296        297        298        299        300        301        302        303        304        305        306        307        308
              309        310        311        312        313        314        315        316        317        318        319        320        321        322
              323        324        325        326        327        328        329        330        331        332        333        334        335        336
              337        338        339        340        341        342        343        344        345        346        347        348        349        350
              351        352
      $NSET NAME = N1
                1
      $NSET NAME = X1
                2          3         10         13         14         15         34         35         36
      $ESET NAME = PLATE
                1          2          3          4          5          6          7          8          9         10         11         12         13         14
               15         16         17         18         19         20         21         22         23         24         25         26         27         28
               29         30         31         32         33         34         35         36         37         38         39         40         41         42
               43         44         45         46         47         48         49         50         51         52         53         54         55         56
               57         58         59         60         61         62         63         64         65         66         67         68         69         70
               71         72         73         74         75         76         77         78         79         80         81         82         83         84
               85         86         87         88         89         90         91         92         93         94         95         96         97         98
               99        100        101        102        103        104        105        106        107        108        109        110        111        112
              113        114        115        116        117        118        119        120        121        122        123        124        125        126
              127        128        129        130        131        132        133        134        135        136        137        138        139        140
              141        142        143        144        145        146        147        148        149        150        151        152        153        154
              155        156        157        158        159        160        161        162        163        164        165        166        167        168
              169        170        171        172        173        174        175        176        177        178        179        180        181        182
              183        184        185        186        187        188        189        190        191        192        193        194        195        196
              197        198        199        200        201        202        203        204        205        206        207        208        209        210
              211        212        213        214        215        216        217        218        219        220        221        222        223        224
              225        226        227        228        229        230        231        232        233        234        235        236        237        238
              239        240        241        242        243        244        245        246        247        248        249        250        251        252
              253        254        255        256        257        258        259        260        261        262        263        264        265        266
              267        268        269        270        271        272        273        274        275        276        277        278        279        280
              281        282        283        284        285        286        287        288        289        290        291        292        293        294
              295        296        297        298        299        300        301        302        303        304        305        306        307        308
              309        310        311        312        313        314        315        316        317        318        319        320
      $ESET NAME = SURFACE1
                1          2          3          4          5          6          7          8          9         10         11         12         13         14
               15         16         17         18         19         20         21         22         23         24         25         26         27         28
               29         30         31         32         33         34         35         36         37         38         39         40         41         42
               43         44         45         46         47         48         49         50         51         52         53         54         55         56
               57         58         59         60         61         62         63         64         65         66         67         68         69         70
               71         72         73         74         75         76         77         78         79         80
      $ESET NAME = SURFACE2
               81         82         83         84         85         86         87         88         89         90         91         92         93         94
               95         96         97         98         99        100        101        102        103        104        105        106        107        108
              109        110        111        112        113        114        115        116        117        118        119        120        121        122
              123        124        125        126        127        128        129        130        131        132        133        134        135        136
              137        138        139        140        141        142        143        144        145        146        147        148        149        150
              151        152        153        154        155        156        157        158        159        160
      $ESET NAME = SURFACE3
              161        162        163        164        165        166        167        168        169        170        171        172        173        174
              175        176        177        178        179        180        181        182        183        184        185        186        187        188
              189        190        191        192        193        194        195        196        197        198        199        200        201        202
              203        204        205        206        207        208        209        210        211        212        213        214        215        216
              217        218        219        220        221        222        223        224        225        226        227        228        229        230
              231        232        233        234        235        236        237        238        239        240
      $ESET NAME = SURFACE4
              241        242        243        244        245        246        247        248        249        250        251        252        253        254
              255        256        257        258        259        260        261        262        263        264        265        266        267        268
              269        270        271        272        273        274        275        276        277        278        279        280        281        282
              283        284        285        286        287        288        289        290        291        292        293        294        295        296
              297        298        299        300        301        302        303        304        305        306        307        308        309        310
              311        312        313        314        315        316        317        318        319        320
!
      $COOR
                1  0.000000E+00  0.000000E+00  0.000000E+00
                2  1.000000E+02  0.000000E+00  0.000000E+00
                3  1.000000E+02  1.000000E+02  0.000000E+00
                4  0.000000E+00  1.000000E+02  0.000000E+00
                5  6.000000E+01  5.000000E+01  0.000000E+00
                6  5.000000E+01  6.000000E+01  0.000000E+00
                7  4.000000E+01  5.000000E+01  0.000000E+00
                8  5.000000E+01  4.000000E+01  0.000000E+00
                9  5.000000E+01  0.000000E+00  0.000000E+00
               10  1.000000E+02  5.000000E+01  0.000000E+00
               11  5.000000E+01  1.000000E+02  0.000000E+00
               12  0.000000E+00  5.000000E+01  0.000000E+00
               13  1.000000E+02  6.250000E+01  0.000000E+00
               14  1.000000E+02  7.500000E+01  0.000000E+00
               15  1.000000E+02  8.750000E+01  0.000000E+00
               16  8.750000E+01  1.000000E+02  0.000000E+00
               17  7.500000E+01  1.000000E+02  0.000000E+00
               18  6.250000E+01  1.000000E+02  0.000000E+00
               19  3.750000E+01  1.000000E+02  0.000000E+00
               20  2.500000E+01  1.000000E+02  0.000000E+00
               21  1.250000E+01  1.000000E+02  0.000000E+00
               22  0.000000E+00  8.750000E+01  0.000000E+00
               23  0.000000E+00  7.500000E+01  0.000000E+00
               24  0.000000E+00  6.250000E+01  0.000000E+00
               25  0.000000E+00  3.750000E+01  0.000000E+00
               26  0.000000E+00  2.500000E+01  0.000000E+00
               27  0.000000E+00  1.250000E+01  0.000000E+00
               28  1.250000E+01  0.000000E+00  0.000000E+00
               29  2.500000E+01  0.000000E+00  0.000000E+00
               30  3.750000E+01  0.000000E+00  0.000000E+00
               31  6.250000E+01  0.000000E+00  0.000000E+00
               32  7.500000E+01  0.000000E+00  0.000000E+00
               33  8.750000E+01  0.000000E+00  0.000000E+00
               34  1.000000E+02  1.250000E+01  0.000000E+00
               35  1.000000E+02  2.500000E+01  0.000000E+00
               36  1.000000E+02  3.750000E+01  0.000000E+00
               37  6.400000E+01  5.000000E+01  0.000000E+00
               38  6.800000E+01  5.000000E+01  0.000000E+00
               39  7.200000E+01  5.000000E+01  0.000000E+00
               40  7.600000E+01  5.000000E+01  0.000000E+00
               41  8.000000E+01  5.000000E+01  0.000000E+00
               42  8.400000E+01  5.000000E+01  0.000000E+00
               43  8.800000E+01  5.000000E+01  0.000000E+00
               44  9.200000E+01  5.000000E+01  0.000000E+00
               45  9.600000E+01  5.000000E+01  0.000000E+00
               46  5.000000E+01  6.400000E+01  0.000000E+00
               47  5.000000E+01  6.800000E+01  0.000000E+00
               48  5.000000E+01  7.200000E+01  0.000000E+00
               49  5.000000E+01  7.600000E+01  0.000000E+00
               50  5.000000E+01  8.000000E+01  0.000000E+00
               51  5.000000E+01  8.400000E+01  0.000000E+00
               52  5.000000E+01  8.800000E+01  0.000000E+00
               53  5.000000E+01  9.200000E+01  0.000000E+00
               54  5.000000E+01  9.600000E+01  0.000000E+00
               55  3.600000E+01  5.000000E+01  0.000000E+00
               56  3.200000E+01  5.000000E+01  0.000000E+00
               57  2.800000E+01  5.000000E+01  0.000000E+00
               58  2.400000E+01  5.000000E+01  0.000000E+00
               59  2.000000E+01  5.000000E+01  0.000000E+00
               60  1.600000E+01  5.000000E+01  0.000000E+00
               61  1.200000E+01  5.000000E+01  0.000000E+00
               62  8.000000E+00  5.000000E+01  0.000000E+00
               63  4.000000E+00  5.000000E+01  0.000000E+00
               64  5.000000E+01  3.600000E+01  0.000000E+00
               65  5.000000E+01  3.200000E+01  0.000000E+00
               66  5.000000E+01  2.800000E+01  0.000000E+00
               67  5.000000E+01  2.400000E+01  0.000000E+00
               68  5.000000E+01  2.000000E+01  0.000000E+00
               69  5.000000E+01  1.600000E+01  0.000000E+00
               70  5.000000E+01  1.200000E+01  0.000000E+00
               71  5.000000E+01  8.000000E+00  0.000000E+00
               72  5.000000E+01  4.000000E+00  0.000000E+00
               73  5.980785E+01  5.195090E+01  0.000000E+00
               74  5.923880E+01  5.382684E+01  0.000000E+00
               75  5.831469E+01  5.555570E+01  0.000000E+00
               76  5.707106E+01  5.707106E+01  0.000000E+00
               77  5.555570E+01  5.831469E+01  0.000000E+00
               78  5.382684E+01  5.923880E+01  0.000000E+00
               79  5.195090E+01  5.980785E+01  0.000000E+00
               80  4.804910E+01  5.980785E+01  0.000000E+00
               81  4.617316E+01  5.923880E+01  0.000000E+00
               82  4.444430E+01  5.831469E+01  0.000000E+00
               83  4.292893E+01  5.707106E+01  0.000000E+00
               84  4.168530E+01  5.555570E+01  0.000000E+00
               85  4.076120E+01  5.382684E+01  0.000000E+00
               86  4.019215E+01  5.195090E+01  0.000000E+00
               87  4.019215E+01  4.804910E+01  0.000000E+00
               88  4.076120E+01  4.617316E+01  0.000000E+00
               89  4.168530E+01  4.444430E+01  0.000000E+00
               90  4.292893E+01  4.292893E+01  0.000000E+00
               91  4.444430E+01  4.168530E+01  0.000000E+00
               92  4.617316E+01  4.076120E+01  0.000000E+00
               93  4.804910E+01  4.019215E+01  0.000000E+00
               94  5.195090E+01  4.019215E+01  0.000000E+00
               95  5.382684E+01  4.076120E+01  0.000000E+00
               96  5.555570E+01  4.168530E+01  0.000000E+00
               97  5.707106E+01  4.292893E+01  0.000000E+00
               98  5.831469E+01  4.444430E+01  0.000000E+00
               99  5.923880E+01  4.617316E+01  0.000000E+00
              100  5.980785E+01  4.804910E+01  0.000000E+00
              101  5.300581E+01  6.382706E+01  0.000000E+00
              102  5.406072E+01  6.784628E+01  0.000000E+00
              103  5.511563E+01  7.186550E+01  0.000000E+00
              104  5.617054E+01  7.588471E+01  0.000000E+00
              105  5.722545E+01  7.990392E+01  0.000000E+00
              106  5.828036E+01  8.392314E+01  0.000000E+00
              107  5.933527E+01  8.794235E+01  0.000000E+00
              108  6.039018E+01  9.196157E+01  0.000000E+00
              109  6.144509E+01  9.598079E+01  0.000000E+00
              110  5.594415E+01  6.331492E+01  0.000000E+00
              111  5.806147E+01  6.739104E+01  0.000000E+00
              112  6.017878E+01  7.146716E+01  0.000000E+00
              113  6.229610E+01  7.554327E+01  0.000000E+00
              114  6.441341E+01  7.961940E+01  0.000000E+00
              115  6.653073E+01  8.369552E+01  0.000000E+00
              116  6.864805E+01  8.777164E+01  0.000000E+00
              117  7.076537E+01  9.184776E+01  0.000000E+00
              118  7.288268E+01  9.592388E+01  0.000000E+00
              119  5.875013E+01  6.248323E+01  0.000000E+00
              120  6.194456E+01  6.665176E+01  0.000000E+00
              121  6.513899E+01  7.082029E+01  0.000000E+00
              122  6.833342E+01  7.498882E+01  0.000000E+00
              123  7.152785E+01  7.915735E+01  0.000000E+00
              124  7.472227E+01  8.332587E+01  0.000000E+00
              125  7.791671E+01  8.749441E+01  0.000000E+00
              126  8.111115E+01  9.166294E+01  0.000000E+00
              127  8.430556E+01  9.583147E+01  0.000000E+00
              128  6.136396E+01  6.136396E+01  0.000000E+00
              129  6.565685E+01  6.565685E+01  0.000000E+00
              130  6.994975E+01  6.994975E+01  0.000000E+00
              131  7.424265E+01  7.424265E+01  0.000000E+00
              132  7.853553E+01  7.853553E+01  0.000000E+00
              133  8.282843E+01  8.282843E+01  0.000000E+00
              134  8.712132E+01  8.712132E+01  0.000000E+00
              135  9.141422E+01  9.141422E+01  0.000000E+00
              136  9.570711E+01  9.570711E+01  0.000000E+00
              137  6.248323E+01  5.875013E+01  0.000000E+00
              138  6.665176E+01  6.194456E+01  0.000000E+00
              139  7.082029E+01  6.513899E+01  0.000000E+00
              140  7.498882E+01  6.833342E+01  0.000000E+00
              141  7.915735E+01  7.152785E+01  0.000000E+00
              142  8.332587E+01  7.472227E+01  0.000000E+00
              143  8.749441E+01  7.791671E+01  0.000000E+00
              144  9.166294E+01  8.111115E+01  0.000000E+00
              145  9.583147E+01  8.430556E+01  0.000000E+00
              146  6.331492E+01  5.594415E+01  0.000000E+00
              147  6.739104E+01  5.806147E+01  0.000000E+00
              148  7.146716E+01  6.017878E+01  0.000000E+00
              149  7.554327E+01  6.229610E+01  0.000000E+00
              150  7.961940E+01  6.441341E+01  0.000000E+00
              151  8.369552E+01  6.653073E+01  0.000000E+00
              152  8.777164E+01  6.864805E+01  0.000000E+00
              153  9.184776E+01  7.076537E+01  0.000000E+00
              154  9.592388E+01  7.288268E+01  0.000000E+00
              155  6.382706E+01  5.300581E+01  0.000000E+00
              156  6.784628E+01  5.406072E+01  0.000000E+00
              157  7.186550E+01  5.511563E+01  0.000000E+00
              158  7.588471E+01  5.617054E+01  0.000000E+00
              159  7.990392E+01  5.722545E+01  0.000000E+00
              160  8.392314E+01  5.828036E+01  0.000000E+00
              161  8.794235E+01  5.933527E+01  0.000000E+00
              162  9.196157E+01  6.039018E+01  0.000000E+00
              163  9.598079E+01  6.144509E+01  0.000000E+00
              164  3.855491E+01  9.598079E+01  0.000000E+00
              165  3.960982E+01  9.196157E+01  0.000000E+00
              166  4.066473E+01  8.794235E+01  0.000000E+00
              167  4.171964E+01  8.392314E+01  0.000000E+00
              168  4.277455E+01  7.990392E+01  0.000000E+00
              169  4.382946E+01  7.588471E+01  0.000000E+00
              170  4.488437E+01  7.186550E+01  0.000000E+00
              171  4.593928E+01  6.784628E+01  0.000000E+00
              172  4.699419E+01  6.382706E+01  0.000000E+00
              173  2.711732E+01  9.592388E+01  0.000000E+00
              174  2.923463E+01  9.184776E+01  0.000000E+00
              175  3.135195E+01  8.777164E+01  0.000000E+00
              176  3.346927E+01  8.369552E+01  0.000000E+00
              177  3.558658E+01  7.961940E+01  0.000000E+00
              178  3.770390E+01  7.554327E+01  0.000000E+00
              179  3.982122E+01  7.146716E+01  0.000000E+00
              180  4.193853E+01  6.739104E+01  0.000000E+00
              181  4.405585E+01  6.331492E+01  0.000000E+00
              182  1.569443E+01  9.583147E+01  0.000000E+00
              183  1.888886E+01  9.166294E+01  0.000000E+00
              184  2.208329E+01  8.749441E+01  0.000000E+00
              185  2.527772E+01  8.332587E+01  0.000000E+00
              186  2.847215E+01  7.915735E+01  0.000000E+00
              187  3.166658E+01  7.498882E+01  0.000000E+00
              188  3.486101E+01  7.082029E+01  0.000000E+00
              189  3.805544E+01  6.665176E+01  0.000000E+00
              190  4.124987E+01  6.248323E+01  0.000000E+00
              191  4.292893E+00  9.570711E+01  0.000000E+00
              192  8.585786E+00  9.141422E+01  0.000000E+00
              193  1.287868E+01  8.712132E+01  0.000000E+00
              194  1.717157E+01  8.282843E+01  0.000000E+00
              195  2.146447E+01  7.853553E+01  0.000000E+00
              196  2.575736E+01  7.424265E+01  0.000000E+00
              197  3.005025E+01  6.994975E+01  0.000000E+00
              198  3.434315E+01  6.565685E+01  0.000000E+00
              199  3.863604E+01  6.136396E+01  0.000000E+00
              200  4.168530E+00  8.430556E+01  0.000000E+00
              201  8.337061E+00  8.111115E+01  0.000000E+00
              202  1.250559E+01  7.791671E+01  0.000000E+00
              203  1.667412E+01  7.472227E+01  0.000000E+00
              204  2.084265E+01  7.152785E+01  0.000000E+00
              205  2.501118E+01  6.833342E+01  0.000000E+00
              206  2.917971E+01  6.513899E+01  0.000000E+00
              207  3.334824E+01  6.194456E+01  0.000000E+00
              208  3.751677E+01  5.875013E+01  0.000000E+00
              209  4.076120E+00  7.288268E+01  0.000000E+00
              210  8.152241E+00  7.076537E+01  0.000000E+00
              211  1.222836E+01  6.864805E+01  0.000000E+00
              212  1.630448E+01  6.653073E+01  0.000000E+00
              213  2.038060E+01  6.441341E+01  0.000000E+00
              214  2.445672E+01  6.229610E+01  0.000000E+00
              215  2.853284E+01  6.017878E+01  0.000000E+00
              216  3.260896E+01  5.806147E+01  0.000000E+00
              217  3.668509E+01  5.594415E+01  0.000000E+00
              218  4.019215E+00  6.144509E+01  0.000000E+00
              219  8.038429E+00  6.039018E+01  0.000000E+00
              220  1.205764E+01  5.933527E+01  0.000000E+00
              221  1.607686E+01  5.828036E+01  0.000000E+00
              222  2.009607E+01  5.722545E+01  0.000000E+00
              223  2.411529E+01  5.617054E+01  0.000000E+00
              224  2.813450E+01  5.511563E+01  0.000000E+00
              225  3.215372E+01  5.406072E+01  0.000000E+00
              226  3.617293E+01  5.300581E+01  0.000000E+00
              227  3.617293E+01  4.699419E+01  0.000000E+00
              228  3.668509E+01  4.405585E+01  0.000000E+00
              229  3.751677E+01  4.124987E+01  0.000000E+00
              230  3.863604E+01  3.863604E+01  0.000000E+00
              231  4.124987E+01  3.751677E+01  0.000000E+00
              232  4.405585E+01  3.668509E+01  0.000000E+00
              233  4.699419E+01  3.617293E+01  0.000000E+00
              234  3.215372E+01  4.593928E+01  0.000000E+00
              235  3.260896E+01  4.193853E+01  0.000000E+00
              236  3.334824E+01  3.805544E+01  0.000000E+00
              237  3.434315E+01  3.434315E+01  0.000000E+00
              238  3.805544E+01  3.334824E+01  0.000000E+00
              239  4.193853E+01  3.260896E+01  0.000000E+00
              240  4.593928E+01  3.215372E+01  0.000000E+00
              241  2.813450E+01  4.488437E+01  0.000000E+00
              242  2.853284E+01  3.982122E+01  0.000000E+00
              243  2.917971E+01  3.486101E+01  0.000000E+00
              244  3.005025E+01  3.005025E+01  0.000000E+00
              245  3.486101E+01  2.917971E+01  0.000000E+00
              246  3.982122E+01  2.853284E+01  0.000000E+00
              247  4.488437E+01  2.813450E+01  0.000000E+00
              248  2.411529E+01  4.382946E+01  0.000000E+00
              249  2.445672E+01  3.770390E+01  0.000000E+00
              250  2.501118E+01  3.166658E+01  0.000000E+00
              251  2.575736E+01  2.575736E+01  0.000000E+00
              252  3.166658E+01  2.501118E+01  0.000000E+00
              253  3.770390E+01  2.445672E+01  0.000000E+00
              254  4.382946E+01  2.411529E+01  0.000000E+00
              255  2.009607E+01  4.277455E+01  0.000000E+00
              256  2.038060E+01  3.558658E+01  0.000000E+00
              257  2.084265E+01  2.847215E+01  0.000000E+00
              258  2.146447E+01  2.146447E+01  0.000000E+00
              259  2.847215E+01  2.084265E+01  0.000000E+00
              260  3.558658E+01  2.038060E+01  0.000000E+00
              261  4.277455E+01  2.009607E+01  0.000000E+00
              262  1.607686E+01  4.171964E+01  0.000000E+00
              263  1.630448E+01  3.346927E+01  0.000000E+00
              264  1.667412E+01  2.527772E+01  0.000000E+00
              265  1.717157E+01  1.717157E+01  0.000000E+00
              266  2.527772E+01  1.667412E+01  0.000000E+00
              267  3.346927E+01  1.630448E+01  0.000000E+00
              268  4.171964E+01  1.607686E+01  0.000000E+00
              269  1.205764E+01  4.066473E+01  0.000000E+00
              270  1.222836E+01  3.135195E+01  0.000000E+00
              271  1.250559E+01  2.208329E+01  0.000000E+00
              272  1.287868E+01  1.287868E+01  0.000000E+00
              273  2.208329E+01  1.250559E+01  0.000000E+00
              274  3.135195E+01  1.222836E+01  0.000000E+00
              275  4.066473E+01  1.205764E+01  0.000000E+00
              276  8.038429E+00  3.960982E+01  0.000000E+00
              277  8.152241E+00  2.923463E+01  0.000000E+00
              278  8.337061E+00  1.888886E+01  0.000000E+00
              279  8.585786E+00  8.585786E+00  0.000000E+00
              280  1.888886E+01  8.337061E+00  0.000000E+00
              281  2.923463E+01  8.152241E+00  0.000000E+00
              282  3.960982E+01  8.038429E+00  0.000000E+00
              283  4.019215E+00  3.855491E+01  0.000000E+00
              284  4.076120E+00  2.711732E+01  0.000000E+00
              285  4.168530E+00  1.569443E+01  0.000000E+00
              286  4.292893E+00  4.292893E+00  0.000000E+00
              287  1.569443E+01  4.168530E+00  0.000000E+00
              288  2.711732E+01  4.076120E+00  0.000000E+00
              289  3.855491E+01  4.019215E+00  0.000000E+00
              290  6.382706E+01  4.699419E+01  0.000000E+00
              291  6.784628E+01  4.593928E+01  0.000000E+00
              292  7.186550E+01  4.488437E+01  0.000000E+00
              293  7.588471E+01  4.382946E+01  0.000000E+00
              294  7.990392E+01  4.277455E+01  0.000000E+00
              295  8.392314E+01  4.171964E+01  0.000000E+00
              296  8.794235E+01  4.066473E+01  0.000000E+00
              297  9.196157E+01  3.960982E+01  0.000000E+00
              298  9.598079E+01  3.855491E+01  0.000000E+00
              299  6.331492E+01  4.405585E+01  0.000000E+00
              300  6.739104E+01  4.193853E+01  0.000000E+00
              301  7.146716E+01  3.982122E+01  0.000000E+00
              302  7.554327E+01  3.770390E+01  0.000000E+00
              303  7.961940E+01  3.558658E+01  0.000000E+00
              304  8.369552E+01  3.346927E+01  0.000000E+00
              305  8.777164E+01  3.135195E+01  0.000000E+00
              306  9.184776E+01  2.923463E+01  0.000000E+00
              307  9.592388E+01  2.711732E+01  0.000000E+00
              308  6.248323E+01  4.124987E+01  0.000000E+00
              309  6.665176E+01  3.805544E+01  0.000000E+00
              310  7.082029E+01  3.486101E+01  0.000000E+00
              311  7.498882E+01  3.166658E+01  0.000000E+00
              312  7.915735E+01  2.847215E+01  0.000000E+00
              313  8.332587E+01  2.527772E+01  0.000000E+00
              314  8.749441E+01  2.208329E+01  0.000000E+00
              315  9.166294E+01  1.888886E+01  0.000000E+00
              316  9.583147E+01  1.569443E+01  0.000000E+00
              317  6.136396E+01  3.863604E+01  0.000000E+00
              318  6.565685E+01  3.434315E+01  0.000000E+00
              319  6.994975E+01  3.005025E+01  0.000000E+00
              320  7.424265E+01  2.575736E+01  0.000000E+00
              321  7.853553E+01  2.146447E+01  0.000000E+00
              322  8.282843E+01  1.717157E+01  0.000000E+00
              323  8.712132E+01  1.287868E+01  0.000000E+00
              324  9.141422E+01  8.585786E+00  0.000000E+00
              325  9.570711E+01  4.292893E+00  0.000000E+00
              326  5.875013E+01  3.751677E+01  0.000000E+00
              327  6.194456E+01  3.334824E+01  0.000000E+00
              328  6.513899E+01  2.917971E+01  0.000000E+00
              329  6.833342E+01  2.501118E+01  0.000000E+00
              330  7.152785E+01  2.084265E+01  0.000000E+00
              331  7.472227E+01  1.667412E+01  0.000000E+00
              332  7.791671E+01  1.250559E+01  0.000000E+00
              333  8.111115E+01  8.337061E+00  0.000000E+00
              334  8.430556E+01  4.168530E+00  0.000000E+00
              335  5.594415E+01  3.668509E+01  0.000000E+00
              336  5.806147E+01  3.260896E+01  0.000000E+00
              337  6.017878E+01  2.853284E+01  0.000000E+00
              338  6.229610E+01  2.445672E+01  0.000000E+00
              339  6.441341E+01  2.038060E+01  0.000000E+00
              340  6.653073E+01  1.630448E+01  0.000000E+00
              341  6.864805E+01  1.222836E+01  0.000000E+00
              342  7.076537E+01  8.152241E+00  0.000000E+00
              343  7.288268E+01  4.076120E+00  0.000000E+00
              344  5.300581E+01  3.617293E+01  0.000000E+00
              345  5.406072E+01  3.215372E+01  0.000000E+00
              346  5.511563E+01  2.813450E+01  0.000000E+00
              347  5.617054E+01  2.411529E+01  0.000000E+00
              348  5.722545E+01  2.009607E+01  0.000000E+00
              349  5.828036E+01  1.607686E+01  0.000000E+00
              350  5.933527E+01  1.205764E+01  0.000000E+00
              351  6.039018E+01  8.038429E+00  0.000000E+00
              352  6.144509E+01  4.019215E+00  0.000000E+00
!
      $PART  NAME = SURFACE1
       SURFACE1
      $PART  NAME = SURFACE2
       SURFACE2
      $PART  NAME = SURFACE3
       SURFACE3
      $PART  NAME = SURFACE4
       SURFACE4
!
   $END STRUCTURE
!------
   $SYSTEM  NAME = S_STEP_1
!
      $GEODAT SHELL     CONT = THICK      NODES = ALL
       GD_PLATE      5.000000E+00
!
      $MATREF RSYS
       PLATE         RSYS =          0  AXES =  1,  2
!
      $ELPROP
       PLATE         GEODAT = GD_PLATE      MATERIAL = MAT_PLATE
!
   $END SYSTEM
!------
   $CONSTRAINTS  NAME = C_STEP_1
!
      $PRESCRIBE  DOFS = 1  DOFTYPE = DISP
       X1
      $SUPPRESS  DOFS = 3  DOFTYPE = DISP
       ALL_NODES
      $SUPPRESS  LINENODE  DOFS = 1  DOFTYPE = DISP
       X0
      $SUPPRESS  DOFS = 2  DOFTYPE = DISP
       N1
!
   $END CONSTRAINTS
!------
   $LOADING  NAME = L_STEP_1
!
      $PREVAL  LPAT = 1  DOFTYPE = DISP
       X1             5.000000E+00
!
   $END LOADING
!------
$EXIT COMPONENT
!------------------------------------
$ENTER MATERIAL
!------
   $MATERIAL  NAME = MAT_PLATE  TYPE = ANISO
!
      $ELASTIC  PLANE  INPUT = DATA
        7.855459E+04  2.592302E+04  7.855459E+04  0.000000E+00  0.000000E+00  2.631579E+04
!
      $DENSITY  GENERAL  INPUT = DATA
        2.700000E-09
!
   $END MATERIAL
!------
$EXIT MATERIAL
!------------------------------------
$FIN
