$ENTER COMPONENT  NAME = DFLT_COMP  DOFTYPE = DISP MATH
!------
   $STRUCTURE
!
      $RSYS CART  FORM = XY
                1  1.000000E+00  0.000000E+00  5.000000E-02 :  2.000000E+00  0.000000E+00  5.000000E-02 :  1.000000E+00  1.000000E+00  5.000000E-02
!
      $SURFACE ELEMENTS  SURFID =          1  SYSTEM = LOCAL
             5001          3
             5002          3
             5003          3
             5004          3
             5005          3
             5006          3
             5007          3
             5008          3
             5009          3
             5010          3
             5101          3
             5102          3
             5103          3
             5104          3
             5105          3
             5106          3
             5107          3
             5108          3
             5109          3
             5110          3
             5201          3
             5202          3
             5203          3
             5204          3
             5205          3
             5206          3
             5207          3
             5208          3
             5209          3
             5210          3
             5301          3
             5302          3
             5303          3
             5304          3
             5305          3
             5306          3
             5307          3
             5308          3
             5309          3
             5310          3
             5401          3
             5402          3
             5403          3
             5404          3
             5405          3
             5406          3
             5407          3
             5408          3
             5409          3
             5410          3
             5501          3
             5502          3
             5503          3
             5504          3
             5505          3
             5506          3
             5507          3
             5508          3
             5509          3
             5510          3
             5601          3
             5602          3
             5603          3
             5604          3
             5605          3
             5606          3
             5607          3
             5608          3
             5609          3
             5610          3
             5701          3
             5702          3
             5703          3
             5704          3
             5705          3
             5706          3
             5707          3
             5708          3
             5709          3
             5710          3
             5801          3
             5802          3
             5803          3
             5804          3
             5805          3
             5806          3
             5807          3
             5808          3
             5809          3
             5810          3
             5901          3
             5902          3
             5903          3
             5904          3
             5905          3
             5906          3
             5907          3
             5908          3
             5909          3
             5910          3
             6001          3
             6002          3
             6003          3
             6004          3
             6005          3
             6006          3
             6007          3
             6008          3
             6009          3
             6010          3
             6101          3
             6102          3
             6103          3
             6104          3
             6105          3
             6106          3
             6107          3
             6108          3
             6109          3
             6110          3
             6201          3
             6202          3
             6203          3
             6204          3
             6205          3
             6206          3
             6207          3
             6208          3
             6209          3
             6210          3
             6301          3
             6302          3
             6303          3
             6304          3
             6305          3
             6306          3
             6307          3
             6308          3
             6309          3
             6310          3
             6401          3
             6402          3
             6403          3
             6404          3
             6405          3
             6406          3
             6407          3
             6408          3
             6409          3
             6410          3
             6501          3
             6502          3
             6503          3
             6504          3
             6505          3
             6506          3
             6507          3
             6508          3
             6509          3
             6510          3
             6601          3
             6602          3
             6603          3
             6604          3
             6605          3
             6606          3
             6607          3
             6608          3
             6609          3
             6610          3
             6701          3
             6702          3
             6703          3
             6704          3
             6705          3
             6706          3
             6707          3
             6708          3
             6709          3
             6710          3
             6801          3
             6802          3
             6803          3
             6804          3
             6805          3
             6806          3
             6807          3
             6808          3
             6809          3
             6810          3
             6901          3
             6902          3
             6903          3
             6904          3
             6905          3
             6906          3
             6907          3
             6908          3
             6909          3
             6910          3
             7001          3
             7002          3
             7003          3
             7004          3
             7005          3
             7006          3
             7007          3
             7008          3
             7009          3
             7010          3
             7101          3
             7102          3
             7103          3
             7104          3
             7105          3
             7106          3
             7107          3
             7108          3
             7109          3
             7110          3
             7201          3
             7202          3
             7203          3
             7204          3
             7205          3
             7206          3
             7207          3
             7208          3
             7209          3
             7210          3
             7301          3
             7302          3
             7303          3
             7304          3
             7305          3
             7306          3
             7307          3
             7308          3
             7309          3
             7310          3
             7401          3
             7402          3
             7403          3
             7404          3
             7405          3
             7406          3
             7407          3
             7408          3
             7409          3
             7410          3
             7501          3
             7502          3
             7503          3
             7504          3
             7505          3
             7506          3
             7507          3
             7508          3
             7509          3
             7510          3
             7601          3
             7602          3
             7603          3
             7604          3
             7605          3
             7606          3
             7607          3
             7608          3
             7609          3
             7610          3
             7701          3
             7702          3
             7703          3
             7704          3
             7705          3
             7706          3
             7707          3
             7708          3
             7709          3
             7710          3
             7801          3
             7802          3
             7803          3
             7804          3
             7805          3
             7806          3
             7807          3
             7808          3
             7809          3
             7810          3
             7901          3
             7902          3
             7903          3
             7904          3
             7905          3
             7906          3
             7907          3
             7908          3
             7909          3
             7910          3
             8001          3
             8002          3
             8003          3
             8004          3
             8005          3
             8006          3
             8007          3
             8008          3
             8009          3
             8010          3
             8101          3
             8102          3
             8103          3
             8104          3
             8105          3
             8106          3
             8107          3
             8108          3
             8109          3
             8110          3
             8201          3
             8202          3
             8203          3
             8204          3
             8205          3
             8206          3
             8207          3
             8208          3
             8209          3
             8210          3
             8301          3
             8302          3
             8303          3
             8304          3
             8305          3
             8306          3
             8307          3
             8308          3
             8309          3
             8310          3
             8401          3
             8402          3
             8403          3
             8404          3
             8405          3
             8406          3
             8407          3
             8408          3
             8409          3
             8410          3
             8501          3
             8502          3
             8503          3
             8504          3
             8505          3
             8506          3
             8507          3
             8508          3
             8509          3
             8510          3
             8601          3
             8602          3
             8603          3
             8604          3
             8605          3
             8606          3
             8607          3
             8608          3
             8609          3
             8610          3
             8701          3
             8702          3
             8703          3
             8704          3
             8705          3
             8706          3
             8707          3
             8708          3
             8709          3
             8710          3
             8801          3
             8802          3
             8803          3
             8804          3
             8805          3
             8806          3
             8807          3
             8808          3
             8809          3
             8810          3
             8901          3
             8902          3
             8903          3
             8904          3
             8905          3
             8906          3
             8907          3
             8908          3
             8909          3
             8910          3
             9001          3
             9002          3
             9003          3
             9004          3
             9005          3
             9006          3
             9007          3
             9008          3
             9009          3
             9010          3
             9101          3
             9102          3
             9103          3
             9104          3
             9105          3
             9106          3
             9107          3
             9108          3
             9109          3
             9110          3
             9201          3
             9202          3
             9203          3
             9204          3
             9205          3
             9206          3
             9207          3
             9208          3
             9209          3
             9210          3
             9301          3
             9302          3
             9303          3
             9304          3
             9305          3
             9306          3
             9307          3
             9308          3
             9309          3
             9310          3
             9401          3
             9402          3
             9403          3
             9404          3
             9405          3
             9406          3
             9407          3
             9408          3
             9409          3
             9410          3
             9501          3
             9502          3
             9503          3
             9504          3
             9505          3
             9506          3
             9507          3
             9508          3
             9509          3
             9510          3
             9601          3
             9602          3
             9603          3
             9604          3
             9605          3
             9606          3
             9607          3
             9608          3
             9609          3
             9610          3
             9701          3
             9702          3
             9703          3
             9704          3
             9705          3
             9706          3
             9707          3
             9708          3
             9709          3
             9710          3
             9801          3
             9802          3
             9803          3
             9804          3
             9805          3
             9806          3
             9807          3
             9808          3
             9809          3
             9810          3
             9901          3
             9902          3
             9903          3
             9904          3
             9905          3
             9906          3
             9907          3
             9908          3
             9909          3
             9910          3
      $SURFACE ELEMENTS  SURFID =          2  SYSTEM = LOCAL
                1          2
                2          2
                3          2
                4          2
                5          2
                6          2
                7          2
                8          2
                9          2
               10          2
              101          2
              102          2
              103          2
              104          2
              105          2
              106          2
              107          2
              108          2
              109          2
              110          2
              201          2
              202          2
              203          2
              204          2
              205          2
              206          2
              207          2
              208          2
              209          2
              210          2
              301          2
              302          2
              303          2
              304          2
              305          2
              306          2
              307          2
              308          2
              309          2
              310          2
              401          2
              402          2
              403          2
              404          2
              405          2
              406          2
              407          2
              408          2
              409          2
              410          2
              501          2
              502          2
              503          2
              504          2
              505          2
              506          2
              507          2
              508          2
              509          2
              510          2
              601          2
              602          2
              603          2
              604          2
              605          2
              606          2
              607          2
              608          2
              609          2
              610          2
              701          2
              702          2
              703          2
              704          2
              705          2
              706          2
              707          2
              708          2
              709          2
              710          2
              801          2
              802          2
              803          2
              804          2
              805          2
              806          2
              807          2
              808          2
              809          2
              810          2
              901          2
              902          2
              903          2
              904          2
              905          2
              906          2
              907          2
              908          2
              909          2
              910          2
             1001          2
             1002          2
             1003          2
             1004          2
             1005          2
             1006          2
             1007          2
             1008          2
             1009          2
             1010          2
             1101          2
             1102          2
             1103          2
             1104          2
             1105          2
             1106          2
             1107          2
             1108          2
             1109          2
             1110          2
             1201          2
             1202          2
             1203          2
             1204          2
             1205          2
             1206          2
             1207          2
             1208          2
             1209          2
             1210          2
             1301          2
             1302          2
             1303          2
             1304          2
             1305          2
             1306          2
             1307          2
             1308          2
             1309          2
             1310          2
             1401          2
             1402          2
             1403          2
             1404          2
             1405          2
             1406          2
             1407          2
             1408          2
             1409          2
             1410          2
             1501          2
             1502          2
             1503          2
             1504          2
             1505          2
             1506          2
             1507          2
             1508          2
             1509          2
             1510          2
             1601          2
             1602          2
             1603          2
             1604          2
             1605          2
             1606          2
             1607          2
             1608          2
             1609          2
             1610          2
             1701          2
             1702          2
             1703          2
             1704          2
             1705          2
             1706          2
             1707          2
             1708          2
             1709          2
             1710          2
             1801          2
             1802          2
             1803          2
             1804          2
             1805          2
             1806          2
             1807          2
             1808          2
             1809          2
             1810          2
             1901          2
             1902          2
             1903          2
             1904          2
             1905          2
             1906          2
             1907          2
             1908          2
             1909          2
             1910          2
             2001          2
             2002          2
             2003          2
             2004          2
             2005          2
             2006          2
             2007          2
             2008          2
             2009          2
             2010          2
             2101          2
             2102          2
             2103          2
             2104          2
             2105          2
             2106          2
             2107          2
             2108          2
             2109          2
             2110          2
             2201          2
             2202          2
             2203          2
             2204          2
             2205          2
             2206          2
             2207          2
             2208          2
             2209          2
             2210          2
             2301          2
             2302          2
             2303          2
             2304          2
             2305          2
             2306          2
             2307          2
             2308          2
             2309          2
             2310          2
             2401          2
             2402          2
             2403          2
             2404          2
             2405          2
             2406          2
             2407          2
             2408          2
             2409          2
             2410          2
             2501          2
             2502          2
             2503          2
             2504          2
             2505          2
             2506          2
             2507          2
             2508          2
             2509          2
             2510          2
             2601          2
             2602          2
             2603          2
             2604          2
             2605          2
             2606          2
             2607          2
             2608          2
             2609          2
             2610          2
             2701          2
             2702          2
             2703          2
             2704          2
             2705          2
             2706          2
             2707          2
             2708          2
             2709          2
             2710          2
             2801          2
             2802          2
             2803          2
             2804          2
             2805          2
             2806          2
             2807          2
             2808          2
             2809          2
             2810          2
             2901          2
             2902          2
             2903          2
             2904          2
             2905          2
             2906          2
             2907          2
             2908          2
             2909          2
             2910          2
             3001          2
             3002          2
             3003          2
             3004          2
             3005          2
             3006          2
             3007          2
             3008          2
             3009          2
             3010          2
             3101          2
             3102          2
             3103          2
             3104          2
             3105          2
             3106          2
             3107          2
             3108          2
             3109          2
             3110          2
             3201          2
             3202          2
             3203          2
             3204          2
             3205          2
             3206          2
             3207          2
             3208          2
             3209          2
             3210          2
             3301          2
             3302          2
             3303          2
             3304          2
             3305          2
             3306          2
             3307          2
             3308          2
             3309          2
             3310          2
             3401          2
             3402          2
             3403          2
             3404          2
             3405          2
             3406          2
             3407          2
             3408          2
             3409          2
             3410          2
             3501          2
             3502          2
             3503          2
             3504          2
             3505          2
             3506          2
             3507          2
             3508          2
             3509          2
             3510          2
             3601          2
             3602          2
             3603          2
             3604          2
             3605          2
             3606          2
             3607          2
             3608          2
             3609          2
             3610          2
             3701          2
             3702          2
             3703          2
             3704          2
             3705          2
             3706          2
             3707          2
             3708          2
             3709          2
             3710          2
             3801          2
             3802          2
             3803          2
             3804          2
             3805          2
             3806          2
             3807          2
             3808          2
             3809          2
             3810          2
             3901          2
             3902          2
             3903          2
             3904          2
             3905          2
             3906          2
             3907          2
             3908          2
             3909          2
             3910          2
             4001          2
             4002          2
             4003          2
             4004          2
             4005          2
             4006          2
             4007          2
             4008          2
             4009          2
             4010          2
             4101          2
             4102          2
             4103          2
             4104          2
             4105          2
             4106          2
             4107          2
             4108          2
             4109          2
             4110          2
             4201          2
             4202          2
             4203          2
             4204          2
             4205          2
             4206          2
             4207          2
             4208          2
             4209          2
             4210          2
             4301          2
             4302          2
             4303          2
             4304          2
             4305          2
             4306          2
             4307          2
             4308          2
             4309          2
             4310          2
             4401          2
             4402          2
             4403          2
             4404          2
             4405          2
             4406          2
             4407          2
             4408          2
             4409          2
             4410          2
             4501          2
             4502          2
             4503          2
             4504          2
             4505          2
             4506          2
             4507          2
             4508          2
             4509          2
             4510          2
             4601          2
             4602          2
             4603          2
             4604          2
             4605          2
             4606          2
             4607          2
             4608          2
             4609          2
             4610          2
             4701          2
             4702          2
             4703          2
             4704          2
             4705          2
             4706          2
             4707          2
             4708          2
             4709          2
             4710          2
             4801          2
             4802          2
             4803          2
             4804          2
             4805          2
             4806          2
             4807          2
             4808          2
             4809          2
             4810          2
             4901          2
             4902          2
             4903          2
             4904          2
             4905          2
             4906          2
             4907          2
             4908          2
             4909          2
             4910          2
!
      $NSET NAME = CENTER_01
              539        548       3446       3455       3464       3473       3482       3491       3500       3509       3518       3527       3536       3545
             3554       3563       3572       3581       3590       3599       3608       3617       3626       3635       3644       3653       3662       3671
             3680       3689       3698       3707       3716       3725       3734       3743       3752       3761       3770       3779       3788       3797
             3806       3815       3824       3833       3842       3851       3860       3869       3878
      $NSET NAME = CLAMPED
                7          8         13         16        133        134        135        136        137        138        139        140        141        508
              509        510        511        512        513        514        515        516        517        518        519        520        521        522
              523        524        525        544        545        546        547        548        549        550        551        552       3883       3884
             3885       3886       3887       3888       3889       3890       3891       3892       3893       3894       3895       3896       3897       3898
             3899       3900       3901       3902       3903       3904       3905       3906       3907       3908       3909       3910       3911       3912
             3913       3914       3915       3916       3917       3918       3919       3920       3921       3922       3923       3924       3925       3926
             3927       3928       3929       3930       3931       3932       3933       3934       3935       3936       3937       3938       3939       3940
             3941       3942       3943       3944       3945       3946       3947       3948       3949       3950       3951       3952       3953       3954
             3955       3956       3957       3958       3959       3960       3961       3962       3963
      $NSET NAME = PRESCRIBED
                1          4          9         12        124        125        126        127        128        129        130        131        132        356
              357        358        359        360        361        362        363        364        365        366        367        368        369        370
              371        372        373        392        393        394        395        396        397        398        399        400       2398       2399
             2400       2401       2402       2403       2404       2405       2406       2407       2408       2409       2410       2411       2412       2413
             2414       2415       2416       2417       2418       2419       2420       2421       2422       2423       2424       2425       2426       2427
             2428       2429       2430       2431       2432       2433       2434       2435       2436       2437       2438       2439       2440       2441
             2442       2443       2444       2445       2446       2447       2448       2449       2450       2451       2452       2453       2454       2455
             2456       2457       2458       2459       2460       2461       2462       2463       2464       2465       2466       2467       2468       2469
             2470       2471       2472       2473       2474       2475       2476       2477       2478
      $SFSET NAME = LOWER
                1
      $SFSET NAME = UPPER
                2
!
   $END STRUCTURE
!------
   $SYSTEM  NAME = S_STEP_1
!
      $ELPROP
       VOLUME1       MATERIAL = MAT_01
       VOLUME2       MATERIAL = MAT_02
!
   $END SYSTEM
!------
   $CONSTRAINTS  NAME = C_STEP_1
!
      $PRESCRIBE  DOFS = 1,2,3  DOFTYPE = DISP
       PRESCRIBED
      $SUPPRESS  DOFS = 1,2,3  DOFTYPE = DISP
       CLAMPED
!
      $CONTACT SURFACE SURFNODE
                C1 LOWER       : UPPER
!
   $END CONSTRAINTS
!------
   $LOADING  NAME = L_STEP_1
!
      $PREVAL  LPAT = 1  DOFTYPE = DISP
       PRESCRIBED     0.000000E+00 -1.000000E-01  0.000000E+00
!
      $CONTACT LOAD  LPAT =       1000  GAPWIDTH = ABS
                C1  0.000000E+00
!
      $NLLOAD  TABLE  TIME = LIST  DOFTYPE = DISP
                         0.000000E+00  1.000000E+00
      LPAT = 1           0.000000E+00  1.000000E+00
      LPAT = 1000        1.000000E+00  1.000000E+00
!
   $END LOADING
!------
   $RESULTS
!
      $NLRESULTS  STEPS = EQUI  KIND = ABS  DOFTYPE = DISP
        0.000000E+00  1.000000E+00  1.000000E-01
!
   $END RESULTS
!------
$EXIT COMPONENT
!------------------------------------
$ENTER MATERIAL
!------
   $MATERIAL  NAME = MAT_01  TYPE = ISO
!
      $DENSITY  GENERAL  INPUT = DATA
        7.800000E+03
!
      $ELASTIC  GENERAL  INPUT = DATA
        2.100000E+11  3.000000E-01
!
   $END MATERIAL
!------
   $MATERIAL  NAME = MAT_02  TYPE = ISO
!
      $DENSITY  GENERAL  INPUT = DATA
        7.800000E+03
!
      $ELASTIC  GENERAL  INPUT = DATA
        2.100000E+11  3.000000E-01
!
   $END MATERIAL
!------
$EXIT MATERIAL
!------------------------------------
$FIN
