$ENTER COMPONENT  NAME = DFLT_COMP  DOFTYPE = DISP MATH
!------
   $SITUATION  NAME = STEP_1
      DFLT_COMP  CONSTRAINTS = C_STEP_1  SYSTEM = S_STEP_1  LOADING = L_STEP_1
   $END SITUATION

   $SITUATION  NAME = STEP_2
      DFLT_COMP  CONSTRAINTS = C_STEP_1  SYSTEM = S_STEP_2  LOADING = L_STEP_1
   $END SITUATION
!
   $STRUCTURE
!
      $ELEMENT TYPE = HEXE8
                1          1          9         97         23          5         96        202         53
                2         23         97         98         24         53        202        203         54
                3         24         98         99         25         54        203        204         55
                4         25         99        100         26         55        204        205         56
                5         26        100        101         27         56        205        206         57
                6         27        101        102         28         57        206        207         58
                7         28        102        103         29         58        207        208         59
                8         29        103        104         30         59        208        209         60
                9         30        104        105         31         60        209        210         61
               10         31        105        106         32         61        210        211         62
               11         32        106        107         33         62        211        212         63
               12         33        107        108         34         63        212        213         64
               13         34        108        109         35         64        213        214         65
               14         35        109        110         36         65        214        215         66
               15         36        110        111         37         66        215        216         67
               16         37        111         16          2         67        216         68          6
               17          9         10        112         97         96         95        217        202
               18         97        112        113         98        202        217        218        203
               19         98        113        114         99        203        218        219        204
               20         99        114        115        100        204        219        220        205
               21        100        115        116        101        205        220        221        206
               22        101        116        117        102        206        221        222        207
               23        102        117        118        103        207        222        223        208
               24        103        118        119        104        208        223        224        209
               25        104        119        120        105        209        224        225        210
               26        105        120        121        106        210        225        226        211
               27        106        121        122        107        211        226        227        212
               28        107        122        123        108        212        227        228        213
               29        108        123        124        109        213        228        229        214
               30        109        124        125        110        214        229        230        215
               31        110        125        126        111        215        230        231        216
               32        111        126         17         16        216        231         69         68
               33         10         11        127        112         95         94        232        217
               34        112        127        128        113        217        232        233        218
               35        113        128        129        114        218        233        234        219
               36        114        129        130        115        219        234        235        220
               37        115        130        131        116        220        235        236        221
               38        116        131        132        117        221        236        237        222
               39        117        132        133        118        222        237        238        223
               40        118        133        134        119        223        238        239        224
               41        119        134        135        120        224        239        240        225
               42        120        135        136        121        225        240        241        226
               43        121        136        137        122        226        241        242        227
               44        122        137        138        123        227        242        243        228
               45        123        138        139        124        228        243        244        229
               46        124        139        140        125        229        244        245        230
               47        125        140        141        126        230        245        246        231
               48        126        141         18         17        231        246         70         69
               49         11         12        142        127         94         93        247        232
               50        127        142        143        128        232        247        248        233
               51        128        143        144        129        233        248        249        234
               52        129        144        145        130        234        249        250        235
               53        130        145        146        131        235        250        251        236
               54        131        146        147        132        236        251        252        237
               55        132        147        148        133        237        252        253        238
               56        133        148        149        134        238        253        254        239
               57        134        149        150        135        239        254        255        240
               58        135        150        151        136        240        255        256        241
               59        136        151        152        137        241        256        257        242
               60        137        152        153        138        242        257        258        243
               61        138        153        154        139        243        258        259        244
               62        139        154        155        140        244        259        260        245
               63        140        155        156        141        245        260        261        246
               64        141        156         19         18        246        261         71         70
               65         12         13        157        142         93         92        262        247
               66        142        157        158        143        247        262        263        248
               67        143        158        159        144        248        263        264        249
               68        144        159        160        145        249        264        265        250
               69        145        160        161        146        250        265        266        251
               70        146        161        162        147        251        266        267        252
               71        147        162        163        148        252        267        268        253
               72        148        163        164        149        253        268        269        254
               73        149        164        165        150        254        269        270        255
               74        150        165        166        151        255        270        271        256
               75        151        166        167        152        256        271        272        257
               76        152        167        168        153        257        272        273        258
               77        153        168        169        154        258        273        274        259
               78        154        169        170        155        259        274        275        260
               79        155        170        171        156        260        275        276        261
               80        156        171         20         19        261        276         72         71
               81         13         14        172        157         92         91        277        262
               82        157        172        173        158        262        277        278        263
               83        158        173        174        159        263        278        279        264
               84        159        174        175        160        264        279        280        265
               85        160        175        176        161        265        280        281        266
               86        161        176        177        162        266        281        282        267
               87        162        177        178        163        267        282        283        268
               88        163        178        179        164        268        283        284        269
               89        164        179        180        165        269        284        285        270
               90        165        180        181        166        270        285        286        271
               91        166        181        182        167        271        286        287        272
               92        167        182        183        168        272        287        288        273
               93        168        183        184        169        273        288        289        274
               94        169        184        185        170        274        289        290        275
               95        170        185        186        171        275        290        291        276
               96        171        186         21         20        276        291         73         72
               97         14         15        187        172         91         90        292        277
               98        172        187        188        173        277        292        293        278
               99        173        188        189        174        278        293        294        279
              100        174        189        190        175        279        294        295        280
              101        175        190        191        176        280        295        296        281
              102        176        191        192        177        281        296        297        282
              103        177        192        193        178        282        297        298        283
              104        178        193        194        179        283        298        299        284
              105        179        194        195        180        284        299        300        285
              106        180        195        196        181        285        300        301        286
              107        181        196        197        182        286        301        302        287
              108        182        197        198        183        287        302        303        288
              109        183        198        199        184        288        303        304        289
              110        184        199        200        185        289        304        305        290
              111        185        200        201        186        290        305        306        291
              112        186        201         22         21        291        306         74         73
              113         15          3         38        187         90          8         89        292
              114        187         38         39        188        292         89         88        293
              115        188         39         40        189        293         88         87        294
              116        189         40         41        190        294         87         86        295
              117        190         41         42        191        295         86         85        296
              118        191         42         43        192        296         85         84        297
              119        192         43         44        193        297         84         83        298
              120        193         44         45        194        298         83         82        299
              121        194         45         46        195        299         82         81        300
              122        195         46         47        196        300         81         80        301
              123        196         47         48        197        301         80         79        302
              124        197         48         49        198        302         79         78        303
              125        198         49         50        199        303         78         77        304
              126        199         50         51        200        304         77         76        305
              127        200         51         52        201        305         76         75        306
              128        201         52          4         22        306         75          7         74
!
      $SURFACE ELEMENTS  SURFID =          1  SYSTEM = LOCAL
                1          5
                2          5
                3          5
                4          5
                5          5
                6          5
                7          5
                8          5
                9          5
               10          5
               11          5
               12          5
               13          5
               14          5
               15          5
               16          5
      $SURFACE ELEMENTS  SURFID =          2  SYSTEM = LOCAL
              113          3
              114          3
              115          3
              116          3
              117          3
              118          3
              119          3
              120          3
              121          3
              122          3
              123          3
              124          3
              125          3
              126          3
              127          3
              128          3
      $SURFACE ELEMENTS  SURFID =          3  SYSTEM = LOCAL
               16          4
               32          4
               48          4
               64          4
               80          4
               96          4
              112          4
              128          4
      $SURFACE ELEMENTS  SURFID =          4  SYSTEM = LOCAL
                1          2
               17          2
               33          2
               49          2
               65          2
               81          2
               97          2
              113          2
      $SURFACE ELEMENTS  SURFID =          5  SYSTEM = LOCAL
                1          1
                1          6
                2          1
                2          6
                3          1
                3          6
                4          1
                4          6
                5          1
                5          6
                6          1
                6          6
                7          1
                7          6
                8          1
                8          6
                9          1
                9          6
               10          1
               10          6
               11          1
               11          6
               12          1
               12          6
               13          1
               13          6
               14          1
               14          6
               15          1
               15          6
               16          1
               16          6
               17          1
               17          6
               18          1
               18          6
               19          1
               19          6
               20          1
               20          6
               21          1
               21          6
               22          1
               22          6
               23          1
               23          6
               24          1
               24          6
               25          1
               25          6
               26          1
               26          6
               27          1
               27          6
               28          1
               28          6
               29          1
               29          6
               30          1
               30          6
               31          1
               31          6
               32          1
               32          6
               33          1
               33          6
               34          1
               34          6
               35          1
               35          6
               36          1
               36          6
               37          1
               37          6
               38          1
               38          6
               39          1
               39          6
               40          1
               40          6
               41          1
               41          6
               42          1
               42          6
               43          1
               43          6
               44          1
               44          6
               45          1
               45          6
               46          1
               46          6
               47          1
               47          6
               48          1
               48          6
               49          1
               49          6
               50          1
               50          6
               51          1
               51          6
               52          1
               52          6
               53          1
               53          6
               54          1
               54          6
               55          1
               55          6
               56          1
               56          6
               57          1
               57          6
               58          1
               58          6
               59          1
               59          6
               60          1
               60          6
               61          1
               61          6
               62          1
               62          6
               63          1
               63          6
               64          1
               64          6
               65          1
               65          6
               66          1
               66          6
               67          1
               67          6
               68          1
               68          6
               69          1
               69          6
               70          1
               70          6
               71          1
               71          6
               72          1
               72          6
               73          1
               73          6
               74          1
               74          6
               75          1
               75          6
               76          1
               76          6
               77          1
               77          6
               78          1
               78          6
               79          1
               79          6
               80          1
               80          6
               81          1
               81          6
               82          1
               82          6
               83          1
               83          6
               84          1
               84          6
               85          1
               85          6
               86          1
               86          6
               87          1
               87          6
               88          1
               88          6
               89          1
               89          6
               90          1
               90          6
               91          1
               91          6
               92          1
               92          6
               93          1
               93          6
               94          1
               94          6
               95          1
               95          6
               96          1
               96          6
               97          1
               97          6
               98          1
               98          6
               99          1
               99          6
              100          1
              100          6
              101          1
              101          6
              102          1
              102          6
              103          1
              103          6
              104          1
              104          6
              105          1
              105          6
              106          1
              106          6
              107          1
              107          6
              108          1
              108          6
              109          1
              109          6
              110          1
              110          6
              111          1
              111          6
              112          1
              112          6
              113          1
              113          6
              114          1
              114          6
              115          1
              115          6
              116          1
              116          6
              117          1
              117          6
              118          1
              118          6
              119          1
              119          6
              120          1
              120          6
              121          1
              121          6
              122          1
              122          6
              123          1
              123          6
              124          1
              124          6
              125          1
              125          6
              126          1
              126          6
              127          1
              127          6
              128          1
              128          6
!
      $NSET NAME = ABA_NALL_INP
                1          2          3          4          5          6          7          8          9         10         11         12         13         14
               15         16         17         18         19         20         21         22         23         24         25         26         27         28
               29         30         31         32         33         34         35         36         37         38         39         40         41         42
               43         44         45         46         47         48         49         50         51         52         53         54         55         56
               57         58         59         60         61         62         63         64         65         66         67         68         69         70
               71         72         73         74         75         76         77         78         79         80         81         82         83         84
               85         86         87         88         89         90         91         92         93         94         95         96         97         98
               99        100        101        102        103        104        105        106        107        108        109        110        111        112
              113        114        115        116        117        118        119        120        121        122        123        124        125        126
              127        128        129        130        131        132        133        134        135        136        137        138        139        140
              141        142        143        144        145        146        147        148        149        150        151        152        153        154
              155        156        157        158        159        160        161        162        163        164        165        166        167        168
              169        170        171        172        173        174        175        176        177        178        179        180        181        182
              183        184        185        186        187        188        189        190        191        192        193        194        195        196
              197        198        199        200        201        202        203        204        205        206        207        208        209        210
              211        212        213        214        215        216        217        218        219        220        221        222        223        224
              225        226        227        228        229        230        231        232        233        234        235        236        237        238
              239        240        241        242        243        244        245        246        247        248        249        250        251        252
              253        254        255        256        257        258        259        260        261        262        263        264        265        266
              267        268        269        270        271        272        273        274        275        276        277        278        279        280
              281        282        283        284        285        286        287        288        289        290        291        292        293        294
              295        296        297        298        299        300        301        302        303        304        305        306
      $NSET NAME = X
                1          3          9         10         11         12         13         14         15
      $ESET NAME = CYLINDER
                1          2          3          4          5          6          7          8          9         10         11         12         13         14
               15         16         17         18         19         20         21         22         23         24         25         26         27         28
               29         30         31         32         33         34         35         36         37         38         39         40         41         42
               43         44         45         46         47         48         49         50         51         52         53         54         55         56
               57         58         59         60         61         62         63         64         65         66         67         68         69         70
               71         72         73         74         75         76         77         78         79         80         81         82         83         84
               85         86         87         88         89         90         91         92         93         94         95         96         97         98
               99        100        101        102        103        104        105        106        107        108        109        110        111        112
              113        114        115        116        117        118        119        120        121        122        123        124        125        126
              127        128
      $ESET NAME = VOLUME1
                1          2          3          4          5          6          7          8          9         10         11         12         13         14
               15         16         17         18         19         20         21         22         23         24         25         26         27         28
               29         30         31         32         33         34         35         36         37         38         39         40         41         42
               43         44         45         46         47         48         49         50         51         52         53         54         55         56
               57         58         59         60         61         62         63         64         65         66         67         68         69         70
               71         72         73         74         75         76         77         78         79         80         81         82         83         84
               85         86         87         88         89         90         91         92         93         94         95         96         97         98
               99        100        101        102        103        104        105        106        107        108        109        110        111        112
              113        114        115        116        117        118        119        120        121        122        123        124        125        126
              127        128
      $SFSET NAME = INNER
                1
      $SFSET NAME = OUTER
                2
      $SFSET NAME = SYM_X
                3
      $SFSET NAME = SYM_Y
                4
      $SFSET NAME = Z
                5
!
      $COOR
                1  3.000000E+00  0.000000E+00  0.000000E+00
                2  0.000000E+00  3.000000E+00  0.000000E+00
                3  6.000000E+00  0.000000E+00  0.000000E+00
                4  0.000000E+00  6.000000E+00  0.000000E+00
                5  3.000000E+00  0.000000E+00  5.000000E-01
                6  0.000000E+00  3.000000E+00  5.000000E-01
                7  0.000000E+00  6.000000E+00  5.000000E-01
                8  6.000000E+00  0.000000E+00  5.000000E-01
                9  3.375000E+00  0.000000E+00  0.000000E+00
               10  3.750000E+00  0.000000E+00  0.000000E+00
               11  4.125000E+00  0.000000E+00  0.000000E+00
               12  4.500000E+00  0.000000E+00  0.000000E+00
               13  4.875000E+00  0.000000E+00  0.000000E+00
               14  5.250000E+00  0.000000E+00  0.000000E+00
               15  5.625000E+00  0.000000E+00  0.000000E+00
               16  0.000000E+00  3.375000E+00  0.000000E+00
               17  0.000000E+00  3.750000E+00  0.000000E+00
               18  0.000000E+00  4.125000E+00  0.000000E+00
               19  0.000000E+00  4.500000E+00  0.000000E+00
               20  0.000000E+00  4.875000E+00  0.000000E+00
               21  0.000000E+00  5.250000E+00  0.000000E+00
               22  0.000000E+00  5.625000E+00  0.000000E+00
               23  2.985554E+00  2.940514E-01  0.000000E+00
               24  2.942356E+00  5.852710E-01  0.000000E+00
               25  2.870821E+00  8.708540E-01  0.000000E+00
               26  2.771639E+00  1.148050E+00  0.000000E+00
               27  2.645764E+00  1.414190E+00  0.000000E+00
               28  2.494409E+00  1.666711E+00  0.000000E+00
               29  2.319031E+00  1.903180E+00  0.000000E+00
               30  2.121320E+00  2.121320E+00  0.000000E+00
               31  1.903180E+00  2.319031E+00  0.000000E+00
               32  1.666711E+00  2.494409E+00  0.000000E+00
               33  1.414190E+00  2.645764E+00  0.000000E+00
               34  1.148050E+00  2.771639E+00  0.000000E+00
               35  8.708540E-01  2.870821E+00  0.000000E+00
               36  5.852710E-01  2.942356E+00  0.000000E+00
               37  2.940514E-01  2.985554E+00  0.000000E+00
               38  5.971108E+00  5.881029E-01  0.000000E+00
               39  5.884712E+00  1.170542E+00  0.000000E+00
               40  5.741642E+00  1.741708E+00  0.000000E+00
               41  5.543277E+00  2.296101E+00  0.000000E+00
               42  5.291528E+00  2.828381E+00  0.000000E+00
               43  4.988818E+00  3.333421E+00  0.000000E+00
               44  4.638063E+00  3.806360E+00  0.000000E+00
               45  4.242640E+00  4.242640E+00  0.000000E+00
               46  3.806360E+00  4.638063E+00  0.000000E+00
               47  3.333421E+00  4.988818E+00  0.000000E+00
               48  2.828381E+00  5.291528E+00  0.000000E+00
               49  2.296101E+00  5.543277E+00  0.000000E+00
               50  1.741708E+00  5.741642E+00  0.000000E+00
               51  1.170542E+00  5.884712E+00  0.000000E+00
               52  5.881029E-01  5.971108E+00  0.000000E+00
               53  2.985554E+00  2.940514E-01  5.000000E-01
               54  2.942356E+00  5.852710E-01  5.000000E-01
               55  2.870821E+00  8.708540E-01  5.000000E-01
               56  2.771639E+00  1.148050E+00  5.000000E-01
               57  2.645764E+00  1.414190E+00  5.000000E-01
               58  2.494409E+00  1.666711E+00  5.000000E-01
               59  2.319031E+00  1.903180E+00  5.000000E-01
               60  2.121320E+00  2.121320E+00  5.000000E-01
               61  1.903180E+00  2.319031E+00  5.000000E-01
               62  1.666711E+00  2.494409E+00  5.000000E-01
               63  1.414190E+00  2.645764E+00  5.000000E-01
               64  1.148050E+00  2.771639E+00  5.000000E-01
               65  8.708540E-01  2.870821E+00  5.000000E-01
               66  5.852710E-01  2.942356E+00  5.000000E-01
               67  2.940514E-01  2.985554E+00  5.000000E-01
               68  0.000000E+00  3.375000E+00  5.000000E-01
               69  0.000000E+00  3.750000E+00  5.000000E-01
               70  0.000000E+00  4.125000E+00  5.000000E-01
               71  0.000000E+00  4.500000E+00  5.000000E-01
               72  0.000000E+00  4.875000E+00  5.000000E-01
               73  0.000000E+00  5.250000E+00  5.000000E-01
               74  0.000000E+00  5.625000E+00  5.000000E-01
               75  5.881029E-01  5.971108E+00  5.000000E-01
               76  1.170542E+00  5.884712E+00  5.000000E-01
               77  1.741708E+00  5.741642E+00  5.000000E-01
               78  2.296101E+00  5.543277E+00  5.000000E-01
               79  2.828381E+00  5.291528E+00  5.000000E-01
               80  3.333421E+00  4.988818E+00  5.000000E-01
               81  3.806360E+00  4.638063E+00  5.000000E-01
               82  4.242640E+00  4.242640E+00  5.000000E-01
               83  4.638063E+00  3.806360E+00  5.000000E-01
               84  4.988818E+00  3.333421E+00  5.000000E-01
               85  5.291528E+00  2.828381E+00  5.000000E-01
               86  5.543277E+00  2.296101E+00  5.000000E-01
               87  5.741642E+00  1.741708E+00  5.000000E-01
               88  5.884712E+00  1.170542E+00  5.000000E-01
               89  5.971108E+00  5.881029E-01  5.000000E-01
               90  5.625000E+00  0.000000E+00  5.000000E-01
               91  5.250000E+00  0.000000E+00  5.000000E-01
               92  4.875000E+00  0.000000E+00  5.000000E-01
               93  4.500000E+00  0.000000E+00  5.000000E-01
               94  4.125000E+00  0.000000E+00  5.000000E-01
               95  3.750000E+00  0.000000E+00  5.000000E-01
               96  3.375000E+00  0.000000E+00  5.000000E-01
               97  3.358748E+00  3.308078E-01  0.000000E+00
               98  3.310150E+00  6.584298E-01  0.000000E+00
               99  3.229674E+00  9.797108E-01  0.000000E+00
              100  3.118093E+00  1.291557E+00  0.000000E+00
              101  2.976484E+00  1.590964E+00  0.000000E+00
              102  2.806210E+00  1.875050E+00  0.000000E+00
              103  2.608910E+00  2.141077E+00  0.000000E+00
              104  2.386485E+00  2.386485E+00  0.000000E+00
              105  2.141077E+00  2.608910E+00  0.000000E+00
              106  1.875049E+00  2.806210E+00  0.000000E+00
              107  1.590964E+00  2.976484E+00  0.000000E+00
              108  1.291557E+00  3.118093E+00  0.000000E+00
              109  9.797108E-01  3.229674E+00  0.000000E+00
              110  6.584298E-01  3.310150E+00  0.000000E+00
              111  3.308078E-01  3.358748E+00  0.000000E+00
              112  3.731943E+00  3.675643E-01  0.000000E+00
              113  3.677945E+00  7.315887E-01  0.000000E+00
              114  3.588526E+00  1.088567E+00  0.000000E+00
              115  3.464548E+00  1.435063E+00  0.000000E+00
              116  3.307205E+00  1.767738E+00  0.000000E+00
              117  3.118011E+00  2.083388E+00  0.000000E+00
              118  2.898789E+00  2.378975E+00  0.000000E+00
              119  2.651650E+00  2.651650E+00  0.000000E+00
              120  2.378975E+00  2.898789E+00  0.000000E+00
              121  2.083388E+00  3.118011E+00  0.000000E+00
              122  1.767738E+00  3.307205E+00  0.000000E+00
              123  1.435063E+00  3.464548E+00  0.000000E+00
              124  1.088567E+00  3.588526E+00  0.000000E+00
              125  7.315887E-01  3.677945E+00  0.000000E+00
              126  3.675643E-01  3.731943E+00  0.000000E+00
              127  4.105137E+00  4.043207E-01  0.000000E+00
              128  4.045739E+00  8.047476E-01  0.000000E+00
              129  3.947379E+00  1.197424E+00  0.000000E+00
              130  3.811003E+00  1.578569E+00  0.000000E+00
              131  3.637925E+00  1.944512E+00  0.000000E+00
              132  3.429812E+00  2.291727E+00  0.000000E+00
              133  3.188668E+00  2.616872E+00  0.000000E+00
              134  2.916815E+00  2.916815E+00  0.000000E+00
              135  2.616872E+00  3.188668E+00  0.000000E+00
              136  2.291727E+00  3.429812E+00  0.000000E+00
              137  1.944512E+00  3.637925E+00  0.000000E+00
              138  1.578569E+00  3.811003E+00  0.000000E+00
              139  1.197424E+00  3.947379E+00  0.000000E+00
              140  8.047476E-01  4.045739E+00  0.000000E+00
              141  4.043207E-01  4.105137E+00  0.000000E+00
              142  4.478331E+00  4.410771E-01  0.000000E+00
              143  4.413534E+00  8.779064E-01  0.000000E+00
              144  4.306231E+00  1.306281E+00  0.000000E+00
              145  4.157458E+00  1.722075E+00  0.000000E+00
              146  3.968646E+00  2.121285E+00  0.000000E+00
              147  3.741613E+00  2.500066E+00  0.000000E+00
              148  3.478547E+00  2.854770E+00  0.000000E+00
              149  3.181980E+00  3.181980E+00  0.000000E+00
              150  2.854770E+00  3.478547E+00  0.000000E+00
              151  2.500066E+00  3.741613E+00  0.000000E+00
              152  2.121285E+00  3.968646E+00  0.000000E+00
              153  1.722075E+00  4.157458E+00  0.000000E+00
              154  1.306281E+00  4.306231E+00  0.000000E+00
              155  8.779064E-01  4.413534E+00  0.000000E+00
              156  4.410771E-01  4.478331E+00  0.000000E+00
              157  4.851525E+00  4.778336E-01  0.000000E+00
              158  4.781328E+00  9.510654E-01  0.000000E+00
              159  4.665084E+00  1.415138E+00  0.000000E+00
              160  4.503912E+00  1.865582E+00  0.000000E+00
              161  4.299366E+00  2.298059E+00  0.000000E+00
              162  4.053414E+00  2.708405E+00  0.000000E+00
              163  3.768426E+00  3.092667E+00  0.000000E+00
              164  3.447146E+00  3.447146E+00  0.000000E+00
              165  3.092667E+00  3.768426E+00  0.000000E+00
              166  2.708405E+00  4.053414E+00  0.000000E+00
              167  2.298059E+00  4.299366E+00  0.000000E+00
              168  1.865582E+00  4.503912E+00  0.000000E+00
              169  1.415138E+00  4.665084E+00  0.000000E+00
              170  9.510654E-01  4.781328E+00  0.000000E+00
              171  4.778336E-01  4.851525E+00  0.000000E+00
              172  5.224720E+00  5.145900E-01  0.000000E+00
              173  5.149123E+00  1.024224E+00  0.000000E+00
              174  5.023937E+00  1.523994E+00  0.000000E+00
              175  4.850368E+00  2.009088E+00  0.000000E+00
              176  4.630087E+00  2.474833E+00  0.000000E+00
              177  4.365215E+00  2.916744E+00  0.000000E+00
              178  4.058305E+00  3.330565E+00  0.000000E+00
              179  3.712311E+00  3.712311E+00  0.000000E+00
              180  3.330565E+00  4.058305E+00  0.000000E+00
              181  2.916744E+00  4.365215E+00  0.000000E+00
              182  2.474833E+00  4.630087E+00  0.000000E+00
              183  2.009088E+00  4.850368E+00  0.000000E+00
              184  1.523994E+00  5.023937E+00  0.000000E+00
              185  1.024224E+00  5.149123E+00  0.000000E+00
              186  5.145900E-01  5.224720E+00  0.000000E+00
              187  5.597914E+00  5.513464E-01  0.000000E+00
              188  5.516917E+00  1.097383E+00  0.000000E+00
              189  5.382789E+00  1.632851E+00  0.000000E+00
              190  5.196822E+00  2.152594E+00  0.000000E+00
              191  4.960807E+00  2.651607E+00  0.000000E+00
              192  4.677017E+00  3.125082E+00  0.000000E+00
              193  4.348184E+00  3.568462E+00  0.000000E+00
              194  3.977475E+00  3.977475E+00  0.000000E+00
              195  3.568462E+00  4.348184E+00  0.000000E+00
              196  3.125082E+00  4.677017E+00  0.000000E+00
              197  2.651607E+00  4.960807E+00  0.000000E+00
              198  2.152594E+00  5.196822E+00  0.000000E+00
              199  1.632851E+00  5.382789E+00  0.000000E+00
              200  1.097383E+00  5.516917E+00  0.000000E+00
              201  5.513464E-01  5.597914E+00  0.000000E+00
              202  3.358748E+00  3.308078E-01  5.000000E-01
              203  3.310150E+00  6.584298E-01  5.000000E-01
              204  3.229674E+00  9.797108E-01  5.000000E-01
              205  3.118093E+00  1.291557E+00  5.000000E-01
              206  2.976484E+00  1.590964E+00  5.000000E-01
              207  2.806210E+00  1.875050E+00  5.000000E-01
              208  2.608910E+00  2.141077E+00  5.000000E-01
              209  2.386485E+00  2.386485E+00  5.000000E-01
              210  2.141077E+00  2.608910E+00  5.000000E-01
              211  1.875049E+00  2.806210E+00  5.000000E-01
              212  1.590964E+00  2.976484E+00  5.000000E-01
              213  1.291557E+00  3.118093E+00  5.000000E-01
              214  9.797108E-01  3.229674E+00  5.000000E-01
              215  6.584298E-01  3.310150E+00  5.000000E-01
              216  3.308078E-01  3.358748E+00  5.000000E-01
              217  3.731943E+00  3.675643E-01  5.000000E-01
              218  3.677945E+00  7.315887E-01  5.000000E-01
              219  3.588526E+00  1.088567E+00  5.000000E-01
              220  3.464548E+00  1.435063E+00  5.000000E-01
              221  3.307205E+00  1.767738E+00  5.000000E-01
              222  3.118011E+00  2.083388E+00  5.000000E-01
              223  2.898789E+00  2.378975E+00  5.000000E-01
              224  2.651650E+00  2.651650E+00  5.000000E-01
              225  2.378975E+00  2.898789E+00  5.000000E-01
              226  2.083388E+00  3.118011E+00  5.000000E-01
              227  1.767738E+00  3.307205E+00  5.000000E-01
              228  1.435063E+00  3.464548E+00  5.000000E-01
              229  1.088567E+00  3.588526E+00  5.000000E-01
              230  7.315887E-01  3.677945E+00  5.000000E-01
              231  3.675643E-01  3.731943E+00  5.000000E-01
              232  4.105137E+00  4.043207E-01  5.000000E-01
              233  4.045739E+00  8.047476E-01  5.000000E-01
              234  3.947379E+00  1.197424E+00  5.000000E-01
              235  3.811003E+00  1.578569E+00  5.000000E-01
              236  3.637925E+00  1.944512E+00  5.000000E-01
              237  3.429812E+00  2.291727E+00  5.000000E-01
              238  3.188668E+00  2.616872E+00  5.000000E-01
              239  2.916815E+00  2.916815E+00  5.000000E-01
              240  2.616872E+00  3.188668E+00  5.000000E-01
              241  2.291727E+00  3.429812E+00  5.000000E-01
              242  1.944512E+00  3.637925E+00  5.000000E-01
              243  1.578569E+00  3.811003E+00  5.000000E-01
              244  1.197424E+00  3.947379E+00  5.000000E-01
              245  8.047476E-01  4.045739E+00  5.000000E-01
              246  4.043207E-01  4.105137E+00  5.000000E-01
              247  4.478331E+00  4.410771E-01  5.000000E-01
              248  4.413534E+00  8.779064E-01  5.000000E-01
              249  4.306231E+00  1.306281E+00  5.000000E-01
              250  4.157458E+00  1.722075E+00  5.000000E-01
              251  3.968646E+00  2.121285E+00  5.000000E-01
              252  3.741613E+00  2.500066E+00  5.000000E-01
              253  3.478547E+00  2.854770E+00  5.000000E-01
              254  3.181980E+00  3.181980E+00  5.000000E-01
              255  2.854770E+00  3.478547E+00  5.000000E-01
              256  2.500066E+00  3.741613E+00  5.000000E-01
              257  2.121285E+00  3.968646E+00  5.000000E-01
              258  1.722075E+00  4.157458E+00  5.000000E-01
              259  1.306281E+00  4.306231E+00  5.000000E-01
              260  8.779064E-01  4.413534E+00  5.000000E-01
              261  4.410771E-01  4.478331E+00  5.000000E-01
              262  4.851525E+00  4.778336E-01  5.000000E-01
              263  4.781328E+00  9.510654E-01  5.000000E-01
              264  4.665084E+00  1.415138E+00  5.000000E-01
              265  4.503912E+00  1.865582E+00  5.000000E-01
              266  4.299366E+00  2.298059E+00  5.000000E-01
              267  4.053414E+00  2.708405E+00  5.000000E-01
              268  3.768426E+00  3.092667E+00  5.000000E-01
              269  3.447146E+00  3.447146E+00  5.000000E-01
              270  3.092667E+00  3.768426E+00  5.000000E-01
              271  2.708405E+00  4.053414E+00  5.000000E-01
              272  2.298059E+00  4.299366E+00  5.000000E-01
              273  1.865582E+00  4.503912E+00  5.000000E-01
              274  1.415138E+00  4.665084E+00  5.000000E-01
              275  9.510654E-01  4.781328E+00  5.000000E-01
              276  4.778336E-01  4.851525E+00  5.000000E-01
              277  5.224720E+00  5.145900E-01  5.000000E-01
              278  5.149123E+00  1.024224E+00  5.000000E-01
              279  5.023937E+00  1.523994E+00  5.000000E-01
              280  4.850368E+00  2.009088E+00  5.000000E-01
              281  4.630087E+00  2.474833E+00  5.000000E-01
              282  4.365215E+00  2.916744E+00  5.000000E-01
              283  4.058305E+00  3.330565E+00  5.000000E-01
              284  3.712311E+00  3.712311E+00  5.000000E-01
              285  3.330565E+00  4.058305E+00  5.000000E-01
              286  2.916744E+00  4.365215E+00  5.000000E-01
              287  2.474833E+00  4.630087E+00  5.000000E-01
              288  2.009088E+00  4.850368E+00  5.000000E-01
              289  1.523994E+00  5.023937E+00  5.000000E-01
              290  1.024224E+00  5.149123E+00  5.000000E-01
              291  5.145900E-01  5.224720E+00  5.000000E-01
              292  5.597914E+00  5.513464E-01  5.000000E-01
              293  5.516917E+00  1.097383E+00  5.000000E-01
              294  5.382789E+00  1.632851E+00  5.000000E-01
              295  5.196822E+00  2.152594E+00  5.000000E-01
              296  4.960807E+00  2.651607E+00  5.000000E-01
              297  4.677017E+00  3.125082E+00  5.000000E-01
              298  4.348184E+00  3.568462E+00  5.000000E-01
              299  3.977475E+00  3.977475E+00  5.000000E-01
              300  3.568462E+00  4.348184E+00  5.000000E-01
              301  3.125082E+00  4.677017E+00  5.000000E-01
              302  2.651607E+00  4.960807E+00  5.000000E-01
              303  2.152594E+00  5.196822E+00  5.000000E-01
              304  1.632851E+00  5.382789E+00  5.000000E-01
              305  1.097383E+00  5.516917E+00  5.000000E-01
              306  5.513464E-01  5.597914E+00  5.000000E-01
!
      $PART  NAME = VOLUME1
       VOLUME1
!
   $END STRUCTURE
!------
   $CONSTRAINTS  NAME = C_STEP_1
!
      $SUPPRESS  SURFNODE  DOFS = 1  DOFTYPE = DISP
       SYM_X
      $SUPPRESS  SURFNODE  DOFS = 2  DOFTYPE = DISP
       SYM_Y
      $SUPPRESS  SURFNODE  DOFS = 3  DOFTYPE = DISP
       Z
!
   $END CONSTRAINTS
!------
   $LOADING  NAME = L_STEP_1
!
      $DISLOADS PRESS  LPAT = 1  DOFTYPE = DISP
       INNER  2.000000E+02
      $DISLOADS PRESS  LPAT = 1  DOFTYPE = DISP
       OUTER -1.000000E+02
!
   $END LOADING
!------
   $SYSTEM  NAME = S_STEP_1
!
      $ELPROP
       CYLINDER      MATERIAL = MAT_01
!
   $END SYSTEM
!------
   $SYSTEM  NAME = S_STEP_2
!
      $ELPROP
       CYLINDER      MATERIAL = MAT_02
!
   $END SYSTEM
!------
$EXIT COMPONENT
!------------------------------------
$ENTER MATERIAL
!------
   $MATERIAL  NAME = MAT_01  TYPE = ISO
!
      $ELASTIC  GENERAL  INPUT = DATA
        1.000000E+03  2.500000E-01
!
   $END MATERIAL
!------
   $MATERIAL  NAME = MAT_02  TYPE = ISO
!
      $ELASTIC  GENERAL  INPUT = DATA
        1.000000E+03  4.990000E-01
!
   $END MATERIAL
!------
$EXIT MATERIAL
!------------------------------------
$FIN
