$ENTER COMPONENT  NAME = DFLT_COMP  DOFTYPE = DISP MATH
!------
   $SITUATION  NAME = STEP_1
      DFLT_COMP  CONSTRAINTS = C_STEP_1  SYSTEM = S_STEP_1
   $END SITUATION
!
   $STRUCTURE
!
      $ELEMENT TYPE = BECOS
                1          1          3
                2          3          4
                3          4          5
                4          5          6
                5          6          7
                6          7          8
                7          8          9
                8          9         10
                9         10         11
               10         11         12
               11         12         13
               12         13         14
               13         14         15
               14         15         16
               15         16         17
               16         17         18
               17         18         19
               18         19         20
               19         20         21
               20         21         22
               21         22         23
               22         23         24
               23         24         25
               24         25         26
               25         26         27
               26         27         28
               27         28         29
               28         29         30
               29         30         31
               30         31         32
               31         32         33
               32         33         34
               33         34         35
               34         35         36
               35         36         37
               36         37         38
               37         38         39
               38         39         40
               39         40         41
               40         41         42
               41         42         43
               42         43         44
               43         44         45
               44         45         46
               45         46         47
               46         47         48
               47         48         49
               48         49         50
               49         50         51
               50         51         52
               51         52         53
               52         53         54
               53         54         55
               54         55         56
               55         56         57
               56         57         58
               57         58         59
               58         59         60
               59         60         61
               60         61         62
               61         62         63
               62         63         64
               63         64         65
               64         65         66
               65         66         67
               66         67         68
               67         68         69
               68         69         70
               69         70         71
               70         71         72
               71         72         73
               72         73         74
               73         74         75
               74         75         76
               75         76         77
               76         77         78
               77         78         79
               78         79         80
               79         80         81
               80         81         82
               81         82         83
               82         83         84
               83         84         85
               84         85         86
               85         86         87
               86         87         88
               87         88         89
               88         89         90
               89         90         91
               90         91         92
               91         92         93
               92         93         94
               93         94         95
               94         95         96
               95         96         97
               96         97         98
               97         98         99
               98         99        100
               99        100        101
              100        101          2
!
      $ESET NAME = BEAM
                1          2          3          4          5          6          7          8          9         10         11         12         13         14
               15         16         17         18         19         20         21         22         23         24         25         26         27         28
               29         30         31         32         33         34         35         36         37         38         39         40         41         42
               43         44         45         46         47         48         49         50         51         52         53         54         55         56
               57         58         59         60         61         62         63         64         65         66         67         68         69         70
               71         72         73         74         75         76         77         78         79         80         81         82         83         84
               85         86         87         88         89         90         91         92         93         94         95         96         97         98
               99        100
!
      $COOR
                1  0.000000E+00  0.000000E+00  0.000000E+00
                2  7.000000E-01  0.000000E+00  0.000000E+00
                3  7.000000E-03  0.000000E+00  0.000000E+00
                4  1.400000E-02  0.000000E+00  0.000000E+00
                5  2.100000E-02  0.000000E+00  0.000000E+00
                6  2.800000E-02  0.000000E+00  0.000000E+00
                7  3.500000E-02  0.000000E+00  0.000000E+00
                8  4.200000E-02  0.000000E+00  0.000000E+00
                9  4.900000E-02  0.000000E+00  0.000000E+00
               10  5.600000E-02  0.000000E+00  0.000000E+00
               11  6.300000E-02  0.000000E+00  0.000000E+00
               12  7.000000E-02  0.000000E+00  0.000000E+00
               13  7.700000E-02  0.000000E+00  0.000000E+00
               14  8.400000E-02  0.000000E+00  0.000000E+00
               15  9.100000E-02  0.000000E+00  0.000000E+00
               16  9.800000E-02  0.000000E+00  0.000000E+00
               17  1.050000E-01  0.000000E+00  0.000000E+00
               18  1.120000E-01  0.000000E+00  0.000000E+00
               19  1.190000E-01  0.000000E+00  0.000000E+00
               20  1.260000E-01  0.000000E+00  0.000000E+00
               21  1.330000E-01  0.000000E+00  0.000000E+00
               22  1.400000E-01  0.000000E+00  0.000000E+00
               23  1.470000E-01  0.000000E+00  0.000000E+00
               24  1.540000E-01  0.000000E+00  0.000000E+00
               25  1.610000E-01  0.000000E+00  0.000000E+00
               26  1.680000E-01  0.000000E+00  0.000000E+00
               27  1.750000E-01  0.000000E+00  0.000000E+00
               28  1.820000E-01  0.000000E+00  0.000000E+00
               29  1.890000E-01  0.000000E+00  0.000000E+00
               30  1.960000E-01  0.000000E+00  0.000000E+00
               31  2.030000E-01  0.000000E+00  0.000000E+00
               32  2.100000E-01  0.000000E+00  0.000000E+00
               33  2.170000E-01  0.000000E+00  0.000000E+00
               34  2.240000E-01  0.000000E+00  0.000000E+00
               35  2.310000E-01  0.000000E+00  0.000000E+00
               36  2.380000E-01  0.000000E+00  0.000000E+00
               37  2.450000E-01  0.000000E+00  0.000000E+00
               38  2.520000E-01  0.000000E+00  0.000000E+00
               39  2.590000E-01  0.000000E+00  0.000000E+00
               40  2.660000E-01  0.000000E+00  0.000000E+00
               41  2.730000E-01  0.000000E+00  0.000000E+00
               42  2.800000E-01  0.000000E+00  0.000000E+00
               43  2.870000E-01  0.000000E+00  0.000000E+00
               44  2.940000E-01  0.000000E+00  0.000000E+00
               45  3.010000E-01  0.000000E+00  0.000000E+00
               46  3.080000E-01  0.000000E+00  0.000000E+00
               47  3.150000E-01  0.000000E+00  0.000000E+00
               48  3.220000E-01  0.000000E+00  0.000000E+00
               49  3.290000E-01  0.000000E+00  0.000000E+00
               50  3.360000E-01  0.000000E+00  0.000000E+00
               51  3.430000E-01  0.000000E+00  0.000000E+00
               52  3.500000E-01  0.000000E+00  0.000000E+00
               53  3.570000E-01  0.000000E+00  0.000000E+00
               54  3.640000E-01  0.000000E+00  0.000000E+00
               55  3.710000E-01  0.000000E+00  0.000000E+00
               56  3.780000E-01  0.000000E+00  0.000000E+00
               57  3.850000E-01  0.000000E+00  0.000000E+00
               58  3.920000E-01  0.000000E+00  0.000000E+00
               59  3.990000E-01  0.000000E+00  0.000000E+00
               60  4.060000E-01  0.000000E+00  0.000000E+00
               61  4.130000E-01  0.000000E+00  0.000000E+00
               62  4.200000E-01  0.000000E+00  0.000000E+00
               63  4.270000E-01  0.000000E+00  0.000000E+00
               64  4.340000E-01  0.000000E+00  0.000000E+00
               65  4.410000E-01  0.000000E+00  0.000000E+00
               66  4.480000E-01  0.000000E+00  0.000000E+00
               67  4.550000E-01  0.000000E+00  0.000000E+00
               68  4.620000E-01  0.000000E+00  0.000000E+00
               69  4.690000E-01  0.000000E+00  0.000000E+00
               70  4.760000E-01  0.000000E+00  0.000000E+00
               71  4.830000E-01  0.000000E+00  0.000000E+00
               72  4.900000E-01  0.000000E+00  0.000000E+00
               73  4.970000E-01  0.000000E+00  0.000000E+00
               74  5.040000E-01  0.000000E+00  0.000000E+00
               75  5.110000E-01  0.000000E+00  0.000000E+00
               76  5.180000E-01  0.000000E+00  0.000000E+00
               77  5.250000E-01  0.000000E+00  0.000000E+00
               78  5.320000E-01  0.000000E+00  0.000000E+00
               79  5.390000E-01  0.000000E+00  0.000000E+00
               80  5.460000E-01  0.000000E+00  0.000000E+00
               81  5.530000E-01  0.000000E+00  0.000000E+00
               82  5.600000E-01  0.000000E+00  0.000000E+00
               83  5.670000E-01  0.000000E+00  0.000000E+00
               84  5.740000E-01  0.000000E+00  0.000000E+00
               85  5.810000E-01  0.000000E+00  0.000000E+00
               86  5.880000E-01  0.000000E+00  0.000000E+00
               87  5.950000E-01  0.000000E+00  0.000000E+00
               88  6.020000E-01  0.000000E+00  0.000000E+00
               89  6.090000E-01  0.000000E+00  0.000000E+00
               90  6.160000E-01  0.000000E+00  0.000000E+00
               91  6.230000E-01  0.000000E+00  0.000000E+00
               92  6.300000E-01  0.000000E+00  0.000000E+00
               93  6.370000E-01  0.000000E+00  0.000000E+00
               94  6.440000E-01  0.000000E+00  0.000000E+00
               95  6.510000E-01  0.000000E+00  0.000000E+00
               96  6.580000E-01  0.000000E+00  0.000000E+00
               97  6.650000E-01  0.000000E+00  0.000000E+00
               98  6.720000E-01  0.000000E+00  0.000000E+00
               99  6.790000E-01  0.000000E+00  0.000000E+00
              100  6.860000E-01  0.000000E+00  0.000000E+00
              101  6.930000E-01  0.000000E+00  0.000000E+00
!
      $PART  NAME = BEAM
       BEAM
!
   $END STRUCTURE
!------
   $SYSTEM  NAME = S_STEP_1
!
   $END SYSTEM
!------
   $CONSTRAINTS  NAME = C_STEP_1
!
   $END CONSTRAINTS
!------
$EXIT COMPONENT
!------------------------------------
$FIN
